3000 3000
2 1
3 2
4 3
5 2
6 3
7 1
8 6
9 7
10 7
11 6
12 10
13 1
14 2
15 7
16 11
17 10
18 10
19 12
20 5
21 12
22 5
23 5
24 12
25 6
26 10
27 7
28 24
29 11
30 29
31 22
32 30
33 3
34 19
35 1
36 6
37 25
38 8
39 19
40 14
41 15
42 18
43 36
44 26
45 31
46 1
47 9
48 15
49 44
50 14
51 17
52 12
53 44
54 44
55 5
56 45
57 23
58 28
59 37
60 25
61 59
62 60
63 32
64 30
65 50
66 58
67 35
68 37
69 41
70 67
71 63
72 9
73 50
74 7
75 10
76 62
77 12
78 49
79 44
80 77
81 50
82 12
83 18
84 1
85 41
86 60
87 53
88 54
89 46
90 5
91 32
92 65
93 7
94 76
95 36
96 40
97 40
98 92
99 7
100 17
101 62
102 84
103 56
104 22
105 15
106 34
107 45
108 78
109 89
110 51
111 57
112 93
113 67
114 111
115 67
116 65
117 60
118 44
119 72
120 31
121 11
122 39
123 101
124 28
125 66
126 6
127 4
128 44
129 47
130 51
131 42
132 74
133 128
134 132
135 39
136 33
137 54
138 122
139 91
140 73
141 116
142 141
143 28
144 39
145 9
146 142
147 76
148 90
149 67
150 13
151 46
152 147
153 102
154 74
155 133
156 130
157 12
158 93
159 27
160 85
161 142
162 109
163 142
164 49
165 131
166 72
167 30
168 99
169 71
170 118
171 52
172 94
173 155
174 141
175 122
176 160
177 43
178 36
179 123
180 68
181 136
182 45
183 101
184 91
185 39
186 16
187 141
188 32
189 21
190 170
191 126
192 191
193 141
194 149
195 120
196 3
197 143
198 143
199 148
200 54
201 178
202 84
203 13
204 62
205 113
206 177
207 204
208 193
209 160
210 113
211 108
212 131
213 106
214 39
215 36
216 36
217 30
218 40
219 132
220 75
221 174
222 193
223 173
224 170
225 147
226 121
227 53
228 129
229 96
230 224
231 53
232 12
233 159
234 233
235 230
236 87
237 129
238 99
239 65
240 53
241 210
242 223
243 60
244 186
245 196
246 159
247 220
248 133
249 91
250 151
251 153
252 233
253 109
254 185
255 189
256 172
257 10
258 17
259 106
260 7
261 198
262 11
263 171
264 117
265 182
266 93
267 230
268 25
269 117
270 144
271 52
272 51
273 56
274 133
275 262
276 109
277 44
278 266
279 239
280 252
281 46
282 204
283 15
284 224
285 103
286 49
287 148
288 114
289 281
290 131
291 134
292 165
293 266
294 146
295 273
296 44
297 224
298 151
299 122
300 179
301 100
302 9
303 156
304 96
305 154
306 198
307 286
308 144
309 181
310 63
311 91
312 119
313 71
314 227
315 79
316 275
317 292
318 152
319 253
320 156
321 232
322 134
323 230
324 115
325 262
326 128
327 119
328 287
329 99
330 215
331 63
332 149
333 222
334 73
335 98
336 258
337 256
338 226
339 279
340 34
341 39
342 226
343 291
344 52
345 79
346 219
347 99
348 98
349 129
350 82
351 86
352 320
353 287
354 325
355 149
356 145
357 64
358 110
359 99
360 240
361 248
362 133
363 308
364 250
365 195
366 275
367 269
368 143
369 291
370 63
371 37
372 352
373 2
374 142
375 295
376 95
377 356
378 223
379 138
380 73
381 372
382 230
383 252
384 158
385 231
386 14
387 179
388 374
389 158
390 188
391 119
392 229
393 200
394 76
395 186
396 59
397 203
398 110
399 296
400 99
401 9
402 262
403 300
404 263
405 378
406 40
407 4
408 166
409 88
410 216
411 276
412 223
413 231
414 8
415 72
416 43
417 134
418 175
419 161
420 17
421 186
422 153
423 406
424 18
425 369
426 185
427 360
428 7
429 366
430 225
431 361
432 23
433 235
434 285
435 44
436 420
437 203
438 113
439 251
440 375
441 65
442 44
443 239
444 5
445 44
446 442
447 276
448 312
449 261
450 19
451 15
452 309
453 430
454 196
455 382
456 17
457 269
458 312
459 161
460 293
461 424
462 364
463 227
464 391
465 369
466 320
467 457
468 230
469 377
470 311
471 239
472 468
473 257
474 95
475 96
476 335
477 361
478 224
479 302
480 469
481 12
482 435
483 219
484 409
485 236
486 359
487 50
488 340
489 314
490 330
491 11
492 452
493 121
494 41
495 443
496 152
497 52
498 489
499 244
500 16
501 4
502 110
503 309
504 368
505 102
506 374
507 58
508 56
509 305
510 167
511 113
512 45
513 324
514 489
515 282
516 262
517 195
518 24
519 136
520 339
521 242
522 202
523 421
524 46
525 149
526 319
527 70
528 222
529 218
530 343
531 525
532 304
533 152
534 25
535 478
536 159
537 138
538 519
539 119
540 524
541 392
542 450
543 337
544 243
545 499
546 220
547 515
548 257
549 278
550 70
551 231
552 235
553 68
554 26
555 4
556 525
557 65
558 437
559 249
560 11
561 525
562 481
563 479
564 282
565 74
566 169
567 529
568 5
569 484
570 298
571 476
572 142
573 61
574 124
575 81
576 148
577 99
578 245
579 426
580 572
581 139
582 511
583 380
584 133
585 256
586 195
587 103
588 163
589 123
590 390
591 9
592 413
593 131
594 466
595 75
596 467
597 324
598 497
599 164
600 550
601 220
602 380
603 343
604 405
605 470
606 395
607 260
608 497
609 59
610 494
611 185
612 229
613 277
614 137
615 466
616 462
617 477
618 524
619 225
620 361
621 484
622 536
623 321
624 565
625 102
626 181
627 237
628 165
629 396
630 204
631 92
632 552
633 498
634 175
635 523
636 462
637 202
638 137
639 139
640 303
641 290
642 42
643 267
644 184
645 164
646 561
647 528
648 234
649 173
650 221
651 331
652 204
653 557
654 338
655 633
656 431
657 93
658 346
659 303
660 211
661 616
662 495
663 107
664 6
665 558
666 313
667 438
668 442
669 305
670 516
671 517
672 545
673 162
674 327
675 444
676 310
677 496
678 655
679 499
680 437
681 439
682 399
683 672
684 611
685 344
686 356
687 562
688 119
689 399
690 400
691 579
692 383
693 662
694 540
695 539
696 149
697 368
698 548
699 141
700 31
701 255
702 686
703 447
704 555
705 578
706 296
707 265
708 511
709 297
710 257
711 442
712 208
713 355
714 98
715 548
716 14
717 383
718 527
719 616
720 576
721 6
722 436
723 55
724 343
725 100
726 588
727 74
728 572
729 200
730 705
731 101
732 3
733 533
734 613
735 230
736 105
737 522
738 341
739 586
740 161
741 388
742 118
743 547
744 463
745 577
746 429
747 592
748 635
749 473
750 81
751 413
752 670
753 361
754 250
755 440
756 487
757 464
758 48
759 424
760 483
761 574
762 753
763 123
764 746
765 585
766 736
767 197
768 277
769 129
770 217
771 511
772 11
773 107
774 511
775 97
776 742
777 42
778 671
779 722
780 219
781 290
782 578
783 210
784 269
785 336
786 45
787 281
788 9
789 5
790 755
791 688
792 593
793 674
794 489
795 176
796 409
797 676
798 244
799 726
800 319
801 625
802 339
803 311
804 79
805 59
806 638
807 251
808 722
809 148
810 328
811 150
812 286
813 333
814 244
815 550
816 442
817 371
818 310
819 708
820 61
821 591
822 406
823 275
824 539
825 244
826 93
827 446
828 481
829 138
830 504
831 308
832 773
833 674
834 351
835 175
836 196
837 8
838 778
839 106
840 653
841 208
842 483
843 21
844 807
845 152
846 534
847 739
848 808
849 730
850 106
851 236
852 654
853 570
854 716
855 458
856 87
857 717
858 805
859 94
860 706
861 560
862 558
863 627
864 415
865 538
866 829
867 661
868 96
869 383
870 765
871 731
872 347
873 471
874 81
875 652
876 135
877 14
878 733
879 267
880 650
881 413
882 607
883 89
884 608
885 741
886 575
887 317
888 679
889 731
890 275
891 854
892 18
893 568
894 529
895 633
896 601
897 610
898 759
899 259
900 844
901 866
902 4
903 837
904 521
905 823
906 875
907 365
908 45
909 683
910 401
911 155
912 615
913 404
914 315
915 347
916 85
917 802
918 655
919 381
920 241
921 104
922 863
923 8
924 279
925 168
926 151
927 742
928 158
929 34
930 362
931 92
932 821
933 307
934 140
935 431
936 412
937 866
938 400
939 800
940 305
941 591
942 710
943 263
944 856
945 520
946 291
947 216
948 232
949 541
950 52
951 229
952 857
953 74
954 254
955 913
956 564
957 370
958 596
959 826
960 392
961 450
962 593
963 438
964 643
965 284
966 257
967 105
968 579
969 518
970 753
971 428
972 320
973 326
974 51
975 180
976 147
977 863
978 797
979 2
980 948
981 128
982 629
983 882
984 579
985 531
986 19
987 172
988 361
989 528
990 332
991 344
992 396
993 811
994 158
995 84
996 76
997 307
998 388
999 534
1000 80
1001 933
1002 144
1003 495
1004 755
1005 285
1006 547
1007 455
1008 675
1009 962
1010 43
1011 128
1012 958
1013 244
1014 812
1015 439
1016 91
1017 25
1018 201
1019 788
1020 31
1021 473
1022 292
1023 979
1024 345
1025 451
1026 932
1027 675
1028 215
1029 163
1030 40
1031 780
1032 97
1033 293
1034 33
1035 194
1036 49
1037 270
1038 557
1039 219
1040 141
1041 1034
1042 572
1043 772
1044 411
1045 941
1046 622
1047 733
1048 842
1049 782
1050 519
1051 204
1052 87
1053 901
1054 96
1055 498
1056 796
1057 404
1058 876
1059 388
1060 817
1061 92
1062 321
1063 21
1064 341
1065 1032
1066 336
1067 435
1068 660
1069 182
1070 244
1071 479
1072 281
1073 941
1074 775
1075 981
1076 1059
1077 968
1078 385
1079 1015
1080 168
1081 17
1082 143
1083 160
1084 483
1085 119
1086 834
1087 1073
1088 988
1089 1060
1090 990
1091 192
1092 981
1093 34
1094 940
1095 450
1096 1032
1097 973
1098 1032
1099 178
1100 496
1101 762
1102 223
1103 392
1104 577
1105 53
1106 720
1107 382
1108 949
1109 507
1110 405
1111 1025
1112 1072
1113 1042
1114 155
1115 472
1116 31
1117 373
1118 785
1119 889
1120 615
1121 669
1122 279
1123 442
1124 254
1125 444
1126 313
1127 6
1128 769
1129 12
1130 514
1131 589
1132 172
1133 776
1134 501
1135 727
1136 73
1137 985
1138 535
1139 977
1140 1032
1141 391
1142 1106
1143 1034
1144 268
1145 769
1146 569
1147 577
1148 811
1149 662
1150 362
1151 495
1152 954
1153 805
1154 726
1155 621
1156 1062
1157 388
1158 1129
1159 341
1160 117
1161 765
1162 837
1163 638
1164 1063
1165 205
1166 726
1167 618
1168 629
1169 304
1170 864
1171 90
1172 590
1173 281
1174 267
1175 145
1176 537
1177 181
1178 1097
1179 97
1180 228
1181 114
1182 808
1183 524
1184 216
1185 294
1186 1174
1187 217
1188 201
1189 1118
1190 155
1191 485
1192 1043
1193 832
1194 1084
1195 248
1196 1035
1197 274
1198 191
1199 1184
1200 1158
1201 228
1202 1045
1203 168
1204 8
1205 411
1206 323
1207 291
1208 758
1209 864
1210 1075
1211 803
1212 412
1213 189
1214 1107
1215 1069
1216 417
1217 7
1218 284
1219 285
1220 56
1221 444
1222 386
1223 731
1224 450
1225 1197
1226 41
1227 200
1228 858
1229 1018
1230 772
1231 197
1232 805
1233 1164
1234 565
1235 1122
1236 769
1237 467
1238 1155
1239 935
1240 122
1241 122
1242 44
1243 34
1244 436
1245 1000
1246 744
1247 1233
1248 877
1249 784
1250 133
1251 28
1252 1028
1253 891
1254 790
1255 77
1256 746
1257 588
1258 1083
1259 210
1260 458
1261 668
1262 1154
1263 29
1264 525
1265 1040
1266 1254
1267 52
1268 840
1269 24
1270 767
1271 634
1272 60
1273 897
1274 105
1275 1124
1276 946
1277 589
1278 1091
1279 727
1280 1272
1281 9
1282 878
1283 1213
1284 757
1285 355
1286 516
1287 20
1288 250
1289 525
1290 666
1291 461
1292 1033
1293 1006
1294 110
1295 181
1296 1153
1297 936
1298 321
1299 214
1300 649
1301 338
1302 705
1303 1245
1304 1218
1305 1014
1306 409
1307 1171
1308 1024
1309 1033
1310 622
1311 1163
1312 1172
1313 954
1314 154
1315 89
1316 1307
1317 1028
1318 1073
1319 608
1320 1000
1321 256
1322 622
1323 833
1324 1018
1325 1227
1326 1079
1327 290
1328 1249
1329 44
1330 1027
1331 215
1332 1190
1333 1296
1334 382
1335 427
1336 487
1337 377
1338 1219
1339 622
1340 54
1341 36
1342 1063
1343 78
1344 504
1345 491
1346 304
1347 509
1348 1255
1349 467
1350 612
1351 355
1352 524
1353 94
1354 673
1355 1238
1356 365
1357 343
1358 1241
1359 1022
1360 1132
1361 1124
1362 1169
1363 1053
1364 283
1365 1092
1366 1084
1367 673
1368 573
1369 787
1370 557
1371 703
1372 150
1373 143
1374 518
1375 1289
1376 585
1377 1316
1378 159
1379 570
1380 611
1381 758
1382 425
1383 1180
1384 736
1385 509
1386 971
1387 979
1388 153
1389 374
1390 734
1391 733
1392 640
1393 936
1394 1048
1395 1103
1396 150
1397 945
1398 585
1399 1183
1400 1288
1401 258
1402 1269
1403 893
1404 662
1405 588
1406 477
1407 153
1408 763
1409 749
1410 1031
1411 886
1412 1269
1413 1351
1414 1241
1415 348
1416 1158
1417 1270
1418 140
1419 717
1420 1091
1421 624
1422 1306
1423 880
1424 1147
1425 1040
1426 700
1427 1008
1428 783
1429 1067
1430 997
1431 1262
1432 1216
1433 207
1434 155
1435 805
1436 1202
1437 581
1438 464
1439 1189
1440 781
1441 654
1442 226
1443 586
1444 1102
1445 1072
1446 734
1447 119
1448 1141
1449 418
1450 600
1451 626
1452 927
1453 1249
1454 295
1455 1197
1456 520
1457 260
1458 226
1459 1257
1460 717
1461 1086
1462 213
1463 163
1464 1162
1465 3
1466 815
1467 255
1468 1371
1469 276
1470 6
1471 1360
1472 377
1473 1039
1474 655
1475 926
1476 105
1477 115
1478 16
1479 1095
1480 1187
1481 1287
1482 380
1483 245
1484 1169
1485 1161
1486 1371
1487 311
1488 968
1489 1293
1490 756
1491 1371
1492 514
1493 1118
1494 23
1495 1305
1496 268
1497 789
1498 1183
1499 1077
1500 78
1501 1263
1502 1313
1503 1363
1504 1038
1505 409
1506 1352
1507 1002
1508 528
1509 18
1510 679
1511 757
1512 1105
1513 271
1514 1142
1515 710
1516 127
1517 1404
1518 862
1519 472
1520 511
1521 129
1522 993
1523 934
1524 709
1525 636
1526 5
1527 85
1528 591
1529 788
1530 1460
1531 1199
1532 45
1533 885
1534 694
1535 738
1536 476
1537 1106
1538 304
1539 733
1540 252
1541 767
1542 662
1543 693
1544 394
1545 1089
1546 166
1547 301
1548 1305
1549 626
1550 944
1551 1302
1552 1042
1553 265
1554 1029
1555 453
1556 845
1557 1338
1558 361
1559 56
1560 1408
1561 538
1562 1121
1563 1397
1564 486
1565 1186
1566 95
1567 126
1568 941
1569 260
1570 1287
1571 546
1572 1001
1573 393
1574 958
1575 908
1576 114
1577 1573
1578 616
1579 683
1580 750
1581 1468
1582 1058
1583 511
1584 1544
1585 830
1586 227
1587 1216
1588 233
1589 633
1590 1268
1591 825
1592 1272
1593 342
1594 1246
1595 1050
1596 355
1597 657
1598 94
1599 787
1600 1289
1601 373
1602 477
1603 1522
1604 1402
1605 880
1606 801
1607 641
1608 828
1609 194
1610 284
1611 772
1612 1392
1613 1344
1614 496
1615 1599
1616 358
1617 1015
1618 1244
1619 1259
1620 805
1621 1606
1622 1552
1623 1172
1624 1571
1625 1160
1626 462
1627 172
1628 363
1629 216
1630 1061
1631 737
1632 1444
1633 207
1634 1589
1635 560
1636 214
1637 720
1638 286
1639 1169
1640 1283
1641 202
1642 364
1643 1288
1644 850
1645 1099
1646 1451
1647 703
1648 1255
1649 11
1650 1466
1651 953
1652 755
1653 563
1654 1030
1655 644
1656 461
1657 1303
1658 776
1659 1530
1660 1628
1661 386
1662 1354
1663 755
1664 794
1665 1337
1666 1597
1667 1454
1668 652
1669 1233
1670 575
1671 1467
1672 889
1673 268
1674 1398
1675 1495
1676 1461
1677 366
1678 514
1679 860
1680 959
1681 964
1682 1121
1683 831
1684 1338
1685 1126
1686 51
1687 292
1688 872
1689 501
1690 603
1691 1478
1692 235
1693 1423
1694 755
1695 1330
1696 10
1697 474
1698 246
1699 1042
1700 1268
1701 163
1702 1319
1703 1563
1704 1485
1705 48
1706 231
1707 834
1708 1526
1709 628
1710 1694
1711 958
1712 1327
1713 121
1714 972
1715 1638
1716 583
1717 129
1718 944
1719 841
1720 1048
1721 897
1722 1043
1723 1428
1724 953
1725 831
1726 1389
1727 697
1728 493
1729 1308
1730 896
1731 1550
1732 899
1733 1102
1734 563
1735 696
1736 1482
1737 1494
1738 1494
1739 641
1740 1509
1741 520
1742 1227
1743 1726
1744 1565
1745 737
1746 1451
1747 1243
1748 1129
1749 722
1750 264
1751 332
1752 1474
1753 1531
1754 1703
1755 765
1756 70
1757 775
1758 593
1759 1445
1760 333
1761 838
1762 46
1763 1347
1764 544
1765 1114
1766 687
1767 392
1768 147
1769 214
1770 245
1771 937
1772 1578
1773 232
1774 1356
1775 1032
1776 648
1777 246
1778 915
1779 832
1780 223
1781 1416
1782 842
1783 1192
1784 665
1785 1612
1786 435
1787 754
1788 1187
1789 1669
1790 281
1791 726
1792 1330
1793 928
1794 723
1795 544
1796 84
1797 591
1798 227
1799 1020
1800 1269
1801 264
1802 1088
1803 1434
1804 1594
1805 411
1806 934
1807 468
1808 1409
1809 1599
1810 1538
1811 219
1812 213
1813 866
1814 1785
1815 944
1816 274
1817 1106
1818 1680
1819 255
1820 130
1821 114
1822 1261
1823 1142
1824 515
1825 1202
1826 1531
1827 354
1828 157
1829 154
1830 1111
1831 1630
1832 1353
1833 1533
1834 1268
1835 339
1836 36
1837 44
1838 1609
1839 1203
1840 1746
1841 1268
1842 128
1843 61
1844 1069
1845 434
1846 1580
1847 261
1848 1407
1849 894
1850 1159
1851 1024
1852 1561
1853 1614
1854 1074
1855 631
1856 1123
1857 580
1858 1807
1859 1664
1860 1472
1861 821
1862 360
1863 1655
1864 1415
1865 1795
1866 1362
1867 107
1868 298
1869 833
1870 750
1871 656
1872 1690
1873 1005
1874 460
1875 434
1876 907
1877 1363
1878 802
1879 580
1880 1072
1881 176
1882 104
1883 502
1884 294
1885 14
1886 409
1887 1410
1888 872
1889 1246
1890 1049
1891 1648
1892 618
1893 869
1894 1688
1895 344
1896 1738
1897 211
1898 1316
1899 887
1900 328
1901 1481
1902 163
1903 647
1904 1221
1905 1667
1906 1676
1907 1207
1908 1701
1909 1833
1910 855
1911 423
1912 1453
1913 985
1914 521
1915 1673
1916 456
1917 960
1918 775
1919 715
1920 148
1921 1800
1922 1135
1923 412
1924 1338
1925 119
1926 1659
1927 1430
1928 1089
1929 1270
1930 1794
1931 272
1932 1222
1933 964
1934 1824
1935 699
1936 1096
1937 636
1938 113
1939 103
1940 1377
1941 1496
1942 1164
1943 497
1944 1252
1945 143
1946 305
1947 626
1948 1095
1949 54
1950 706
1951 64
1952 1061
1953 906
1954 1204
1955 323
1956 1695
1957 981
1958 1353
1959 1950
1960 1250
1961 10
1962 721
1963 342
1964 262
1965 1214
1966 1154
1967 136
1968 1007
1969 321
1970 34
1971 1965
1972 1155
1973 1520
1974 135
1975 1767
1976 1510
1977 1572
1978 603
1979 1042
1980 1313
1981 1443
1982 1428
1983 1485
1984 877
1985 1709
1986 1881
1987 1651
1988 1744
1989 1837
1990 573
1991 1888
1992 1904
1993 705
1994 491
1995 1420
1996 1286
1997 539
1998 241
1999 1378
2000 78
2001 1834
2002 1550
2003 836
2004 188
2005 917
2006 1794
2007 768
2008 722
2009 30
2010 1737
2011 1424
2012 962
2013 1146
2014 1045
2015 1961
2016 695
2017 1719
2018 109
2019 1759
2020 1399
2021 86
2022 613
2023 1459
2024 1954
2025 802
2026 1649
2027 1042
2028 707
2029 1520
2030 1308
2031 1546
2032 1961
2033 1904
2034 991
2035 1954
2036 171
2037 443
2038 319
2039 161
2040 1902
2041 247
2042 223
2043 1349
2044 49
2045 93
2046 810
2047 390
2048 1984
2049 753
2050 636
2051 1938
2052 1907
2053 707
2054 1461
2055 1078
2056 1574
2057 1564
2058 1606
2059 793
2060 659
2061 731
2062 262
2063 1333
2064 7
2065 665
2066 482
2067 1554
2068 600
2069 1787
2070 643
2071 66
2072 1913
2073 870
2074 413
2075 1016
2076 291
2077 375
2078 1896
2079 789
2080 1732
2081 644
2082 559
2083 1153
2084 1113
2085 2062
2086 76
2087 640
2088 1759
2089 1497
2090 951
2091 1377
2092 2073
2093 1457
2094 759
2095 1316
2096 166
2097 111
2098 1488
2099 596
2100 1690
2101 555
2102 1706
2103 282
2104 1628
2105 1603
2106 1106
2107 1128
2108 1487
2109 176
2110 26
2111 174
2112 650
2113 342
2114 45
2115 949
2116 301
2117 22
2118 1065
2119 164
2120 1928
2121 736
2122 1387
2123 37
2124 522
2125 2067
2126 672
2127 432
2128 471
2129 40
2130 1373
2131 232
2132 478
2133 240
2134 1204
2135 523
2136 1634
2137 1837
2138 1454
2139 707
2140 1684
2141 1751
2142 288
2143 1570
2144 698
2145 241
2146 1548
2147 865
2148 402
2149 219
2150 1592
2151 1407
2152 1323
2153 1177
2154 232
2155 1798
2156 706
2157 911
2158 940
2159 525
2160 554
2161 846
2162 541
2163 729
2164 1081
2165 523
2166 256
2167 536
2168 1955
2169 742
2170 1029
2171 236
2172 1175
2173 1918
2174 96
2175 1676
2176 986
2177 476
2178 1403
2179 1292
2180 1654
2181 1953
2182 881
2183 1970
2184 1486
2185 1860
2186 706
2187 2005
2188 864
2189 1127
2190 1622
2191 2015
2192 316
2193 920
2194 16
2195 2006
2196 1203
2197 2082
2198 304
2199 141
2200 2055
2201 1125
2202 1409
2203 344
2204 135
2205 640
2206 862
2207 1315
2208 687
2209 286
2210 2092
2211 936
2212 573
2213 1040
2214 1701
2215 1102
2216 2040
2217 1457
2218 1194
2219 363
2220 2093
2221 2101
2222 1363
2223 1971
2224 1159
2225 557
2226 421
2227 2
2228 726
2229 199
2230 1412
2231 949
2232 1890
2233 1874
2234 450
2235 938
2236 186
2237 734
2238 1147
2239 320
2240 523
2241 1281
2242 185
2243 1718
2244 1408
2245 1968
2246 1934
2247 2214
2248 1998
2249 872
2250 685
2251 1592
2252 1789
2253 383
2254 1377
2255 277
2256 1223
2257 295
2258 408
2259 2192
2260 722
2261 1425
2262 1546
2263 679
2264 1145
2265 453
2266 685
2267 105
2268 10
2269 2070
2270 978
2271 792
2272 480
2273 1004
2274 1712
2275 551
2276 658
2277 685
2278 1129
2279 1524
2280 2082
2281 1993
2282 1728
2283 1823
2284 1754
2285 1367
2286 1110
2287 1924
2288 900
2289 381
2290 1491
2291 1198
2292 111
2293 2247
2294 950
2295 1252
2296 774
2297 2015
2298 1117
2299 958
2300 543
2301 1501
2302 1010
2303 1580
2304 688
2305 71
2306 519
2307 26
2308 274
2309 1604
2310 407
2311 1277
2312 1144
2313 1196
2314 35
2315 1853
2316 767
2317 1967
2318 534
2319 1127
2320 1640
2321 919
2322 1002
2323 1118
2324 2037
2325 1471
2326 917
2327 1525
2328 921
2329 790
2330 1466
2331 1508
2332 1914
2333 2199
2334 740
2335 724
2336 1590
2337 1818
2338 260
2339 710
2340 171
2341 2331
2342 1070
2343 700
2344 629
2345 329
2346 104
2347 1823
2348 2205
2349 2190
2350 1835
2351 627
2352 227
2353 2093
2354 401
2355 1923
2356 104
2357 1576
2358 1036
2359 2140
2360 1712
2361 1099
2362 1850
2363 1468
2364 2045
2365 1689
2366 1146
2367 15
2368 1105
2369 2349
2370 250
2371 64
2372 1849
2373 1771
2374 659
2375 1864
2376 2001
2377 1688
2378 2297
2379 1680
2380 1397
2381 2328
2382 1411
2383 469
2384 480
2385 215
2386 494
2387 1569
2388 2080
2389 214
2390 45
2391 556
2392 1742
2393 774
2394 805
2395 237
2396 324
2397 897
2398 299
2399 824
2400 1611
2401 2248
2402 1787
2403 631
2404 1259
2405 1653
2406 1253
2407 1240
2408 2299
2409 858
2410 438
2411 189
2412 610
2413 825
2414 1031
2415 1107
2416 492
2417 1005
2418 734
2419 655
2420 1900
2421 1325
2422 199
2423 357
2424 1746
2425 24
2426 777
2427 621
2428 1659
2429 100
2430 1032
2431 1962
2432 2159
2433 1203
2434 144
2435 1965
2436 613
2437 1627
2438 1754
2439 817
2440 1141
2441 2365
2442 282
2443 163
2444 263
2445 437
2446 157
2447 1314
2448 2232
2449 919
2450 1834
2451 2080
2452 2159
2453 1173
2454 180
2455 1756
2456 76
2457 367
2458 1134
2459 1095
2460 2098
2461 287
2462 1634
2463 462
2464 184
2465 2391
2466 1753
2467 2379
2468 2276
2469 1267
2470 599
2471 2202
2472 559
2473 2147
2474 2448
2475 287
2476 278
2477 2332
2478 1779
2479 214
2480 2474
2481 702
2482 1251
2483 1013
2484 826
2485 2266
2486 1823
2487 1273
2488 216
2489 293
2490 2148
2491 1438
2492 2446
2493 593
2494 1211
2495 1761
2496 2233
2497 1178
2498 1855
2499 2147
2500 331
2501 943
2502 1574
2503 1129
2504 285
2505 1458
2506 1761
2507 1336
2508 1871
2509 1310
2510 648
2511 1746
2512 111
2513 2040
2514 347
2515 911
2516 1585
2517 2364
2518 536
2519 1487
2520 2496
2521 592
2522 1107
2523 1309
2524 2517
2525 961
2526 485
2527 262
2528 473
2529 485
2530 788
2531 1157
2532 1780
2533 817
2534 2264
2535 739
2536 93
2537 2340
2538 2344
2539 918
2540 134
2541 1235
2542 428
2543 1834
2544 79
2545 878
2546 474
2547 930
2548 620
2549 1095
2550 1453
2551 777
2552 2517
2553 722
2554 419
2555 2553
2556 1248
2557 1537
2558 1652
2559 444
2560 1788
2561 417
2562 1939
2563 202
2564 1592
2565 1316
2566 1494
2567 2404
2568 1049
2569 896
2570 583
2571 1962
2572 1529
2573 2287
2574 2140
2575 1805
2576 451
2577 921
2578 1765
2579 1631
2580 1099
2581 872
2582 2032
2583 1059
2584 2287
2585 2266
2586 693
2587 2089
2588 768
2589 1632
2590 2504
2591 2242
2592 392
2593 308
2594 808
2595 2111
2596 2446
2597 1020
2598 1641
2599 507
2600 78
2601 365
2602 971
2603 1099
2604 357
2605 1911
2606 1449
2607 894
2608 701
2609 2287
2610 822
2611 882
2612 1075
2613 1121
2614 1998
2615 622
2616 2376
2617 1224
2618 2453
2619 1398
2620 614
2621 2286
2622 1617
2623 2598
2624 2088
2625 968
2626 1411
2627 1097
2628 1394
2629 2236
2630 1704
2631 1898
2632 1133
2633 2253
2634 1639
2635 2024
2636 1466
2637 65
2638 1206
2639 245
2640 2501
2641 1242
2642 1182
2643 2585
2644 342
2645 951
2646 297
2647 2314
2648 1946
2649 1315
2650 1775
2651 818
2652 59
2653 106
2654 421
2655 2061
2656 1006
2657 3
2658 1377
2659 161
2660 1199
2661 38
2662 446
2663 1222
2664 1996
2665 1207
2666 1810
2667 492
2668 664
2669 1619
2670 278
2671 379
2672 539
2673 81
2674 2587
2675 591
2676 2459
2677 1055
2678 963
2679 1852
2680 1868
2681 2125
2682 963
2683 2036
2684 65
2685 2014
2686 219
2687 2334
2688 88
2689 2191
2690 1678
2691 617
2692 2392
2693 633
2694 178
2695 2288
2696 1478
2697 91
2698 2296
2699 928
2700 1927
2701 1271
2702 1789
2703 1380
2704 1032
2705 923
2706 2592
2707 1203
2708 859
2709 1423
2710 1556
2711 214
2712 1138
2713 1949
2714 779
2715 681
2716 2256
2717 105
2718 1580
2719 986
2720 498
2721 563
2722 379
2723 947
2724 30
2725 2289
2726 260
2727 102
2728 2441
2729 2417
2730 2616
2731 205
2732 697
2733 1299
2734 1046
2735 855
2736 989
2737 610
2738 2521
2739 1938
2740 437
2741 1565
2742 1394
2743 2015
2744 2374
2745 675
2746 2042
2747 1848
2748 553
2749 940
2750 1412
2751 912
2752 186
2753 1782
2754 1540
2755 937
2756 1388
2757 515
2758 1149
2759 2549
2760 120
2761 1177
2762 1637
2763 1555
2764 330
2765 2577
2766 97
2767 2070
2768 2242
2769 1533
2770 226
2771 987
2772 1028
2773 1975
2774 1243
2775 1800
2776 14
2777 1791
2778 9
2779 1398
2780 2518
2781 2681
2782 2396
2783 898
2784 2276
2785 2114
2786 2188
2787 2444
2788 1479
2789 761
2790 298
2791 1927
2792 850
2793 1979
2794 1536
2795 1479
2796 986
2797 2539
2798 1110
2799 2704
2800 466
2801 1620
2802 664
2803 526
2804 1893
2805 1255
2806 1441
2807 1140
2808 888
2809 961
2810 2375
2811 1246
2812 1224
2813 541
2814 2483
2815 1089
2816 1679
2817 1278
2818 268
2819 1938
2820 1248
2821 1392
2822 2592
2823 482
2824 2586
2825 295
2826 681
2827 21
2828 197
2829 648
2830 1532
2831 1916
2832 641
2833 2543
2834 2431
2835 135
2836 2168
2837 2660
2838 1902
2839 1336
2840 184
2841 1986
2842 1747
2843 1703
2844 222
2845 2680
2846 1515
2847 2679
2848 108
2849 690
2850 1029
2851 629
2852 2323
2853 320
2854 947
2855 2653
2856 2088
2857 2774
2858 1084
2859 1105
2860 1809
2861 672
2862 461
2863 2223
2864 2471
2865 2726
2866 648
2867 845
2868 1987
2869 2166
2870 1539
2871 524
2872 2281
2873 2432
2874 102
2875 2473
2876 2254
2877 999
2878 134
2879 2003
2880 1364
2881 230
2882 2551
2883 995
2884 2471
2885 1970
2886 2840
2887 520
2888 1672
2889 2294
2890 1573
2891 2088
2892 1194
2893 2614
2894 2743
2895 2530
2896 1590
2897 1201
2898 1627
2899 1516
2900 441
2901 1049
2902 2054
2903 2635
2904 855
2905 1044
2906 735
2907 1349
2908 1061
2909 2072
2910 466
2911 1097
2912 1604
2913 1250
2914 1662
2915 707
2916 2013
2917 1196
2918 1274
2919 795
2920 2732
2921 2752
2922 2794
2923 1347
2924 1419
2925 2876
2926 2183
2927 577
2928 806
2929 2360
2930 1695
2931 703
2932 184
2933 1317
2934 271
2935 139
2936 1315
2937 2119
2938 1307
2939 2359
2940 2729
2941 2932
2942 1116
2943 2576
2944 1813
2945 238
2946 1676
2947 2511
2948 1003
2949 2351
2950 1278
2951 970
2952 1985
2953 1949
2954 568
2955 634
2956 2280
2957 577
2958 1155
2959 567
2960 2688
2961 1347
2962 2236
2963 655
2964 1419
2965 98
2966 2812
2967 2143
2968 2531
2969 2383
2970 174
2971 1094
2972 8
2973 780
2974 2688
2975 791
2976 2036
2977 691
2978 2065
2979 12
2980 1401
2981 2376
2982 964
2983 1796
2984 1385
2985 1387
2986 610
2987 1913
2988 2758
2989 2253
2990 494
2991 2800
2992 882
2993 2122
2994 2420
2995 1785
2996 1297
2997 2980
2998 1199
2999 661
3000 1454
1806 562 506
476 871 92
2373 1521 579
2176 2350 68
538 2979 65
2332 2076 637
1353 2914 361
2687 423 267
2758 1886 470
2606 2823 533
164 1125 454
1646 2748 175
2692 1113 165
2716 1779 386
1214 2086 192
1446 2662 399
2742 2691 450
1127 2983 479
2280 1871 277
1290 2366 558
2223 2851 15
971 1821 277
2013 1631 573
562 1993 352
1768 2395 403
994 1620 225
2341 1145 263
1264 2013 72
2204 2530 8
2925 2928 674
1206 1488 364
985 164 264
2742 1809 485
1847 2665 409
2100 1194 616
2872 840 613
2425 1757 629
1443 146 422
1266 1474 272
1943 2880 168
8 1766 634
1553 1003 129
250 2305 396
1023 755 504
584 495 254
2660 1017 201
2858 1702 11
1090 1347 29
1283 1686 7
1767 172 232
792 2172 100
846 2236 188
590 1949 337
2560 2417 583
2559 2493 646
1532 1981 236
1541 858 328
1437 1850 440
570 1429 277
1496 2637 137
486 1707 330
1102 1699 546
905 306 547
1010 914 388
452 1037 670
2250 598 635
1226 1969 14
2966 431 471
174 1958 167
2901 1786 348
235 1372 60
1585 2973 617
2455 1385 108
1097 224 52
1229 2210 197
157 1236 491
991 754 668
564 1903 407
387 430 51
1702 2993 128
1313 1185 551
1178 2640 18
787 837 427
1804 18 331
2239 115 517
2940 1396 598
1044 1177 466
675 64 24
1996 2279 191
2729 117 530
233 259 110
2977 2245 237
1808 1861 665
2178 1426 59
318 655 106
343 2271 625
2577 2206 59
2243 2104 691
2505 545 328
2267 2044 81
200 1071 259
2800 2214 442
2282 809 238
2508 1590 153
314 1366 62
630 1975 415
342 234 216
1407 1848 274
2649 26 101
2484 917 342
2289 2688 568
89 898 154
2507 2053 170
464 276 85
1035 65 498
421 146 591
2961 1548 207
933 1006 185
156 2428 409
1679 1220 296
1762 266 275
2493 2518 519
1507 218 322
2202 388 88
2129 457 295
2715 1702 75
2675 1954 540
662 698 352
1053 1010 335
2780 293 16
256 1393 147
2013 925 180
2208 2167 161
1318 1475 668
2993 1608 173
1960 1795 698
402 301 25
1312 1959 413
702 2615 514
1405 1040 679
1975 871 90
1019 68 685
772 586 403
2339 229 273
831 584 644
2497 1648 598
2710 370 351
1992 1147 36
1764 1729 367
837 1862 109
839 1455 228
1353 1064 111
1074 932 620
586 596 348
1438 2899 168
2403 178 270
858 310 645
815 255 121
466 1010 262
2769 1067 398
1183 2419 6
811 725 502
2742 600 691
22 2580 400
1045 1206 569
173 1684 95
2207 2059 43
2309 524 114
2367 2823 549
1694 2330 202
2059 2370 415
751 818 335
1369 2666 680
2546 2500 249
372 1165 176
964 2330 666
2389 1885 578
2468 307 276
166 574 23
781 501 393
874 560 598
2025 876 237
1598 2855 663
1624 389 338
1993 2123 189
24 880 612
2484 1742 309
1084 215 86
618 2893 644
1663 108 230
1970 326 435
119 1425 292
1568 368 572
2912 177 630
2637 2959 515
1774 1767 233
544 2268 119
2166 2854 658
787 608 13
1812 2889 346
1456 2763 543
722 2685 251
575 2363 474
550 2144 94
678 906 553
2753 1420 152
1346 2393 358
2829 2417 257
582 257 430
2874 2022 159
2858 814 617
556 2248 319
2496 68 670
2188 2793 677
2655 1695 166
541 89 61
1954 2426 372
750 1577 291
275 499 100
2950 2891 405
1482 492 130
2987 2421 237
1723 1871 537
985 2926 585
2175 1762 356
125 1641 498
1484 1414 636
787 272 563
1985 2554 24
104 1996 597
623 1632 190
1308 1874 114
750 458 241
2106 2610 19
816 1929 115
2408 305 403
2967 1975 403
1176 637 45
1508 1933 402
1917 1114 81
2410 2742 22
1531 776 239
1186 2770 567
286 2221 298
753 1858 700
325 1261 33
1563 2430 540
1270 5 172
915 694 648
2406 1112 290
2317 1929 262
744 2855 423
738 1821 649
827 1883 46
1052 2469 428
294 2433 436
1805 1080 372
2113 2092 125
467 2917 237
551 206 641
631 2079 266
2413 2788 56
1162 2739 270
526 1872 250
2392 2978 33
1415 1905 150
1224 790 127
2904 1076 608
2747 2610 260
2359 23 652
2931 843 575
565 1685 488
1240 1883 328
1255 2 29
422 434 373
1514 970 410
1747 428 408
443 1919 122
363 2979 469
101 81 175
2972 2985 517
1790 1124 28
985 642 118
411 1777 596
1657 175 20
1999 782 66
2775 1176 86
1558 378 112
1090 930 292
2307 2650 616
2714 963 170
1825 2864 676
1195 1819 170
1755 2206 516
804 2625 331
1312 681 197
663 2669 101
2912 1049 677
2414 440 430
1883 1563 43
283 1434 66
2926 1048 534
2712 2641 562
228 570 436
1969 2496 682
2022 811 92
2710 1573 236
1680 2376 27
2334 1625 691
936 2312 687
1885 1191 22
1442 2206 285
2055 626 108
1631 239 545
2134 1788 53
2397 2122 276
1959 203 302
2166 2309 640
1267 2976 300
1177 2137 330
2261 32 242
1228 493 329
2689 1898 685
570 640 208
2836 31 105
643 2292 156
1277 1753 126
2101 1742 377
1602 2074 83
1559 507 15
1410 688 643
163 821 177
2982 2423 632
1276 1019 286
1737 1776 163
1250 2849 562
1860 1829 606
968 604 381
2674 36 320
1033 39 652
747 1185 383
2666 1816 180
987 1306 479
516 2138 599
385 913 3
1353 758 169
422 64 455
1656 1378 510
278 2208 229
2002 881 516
1160 780 12
440 263 682
1078 2235 543
1396 170 243
2336 2304 328
2017 2413 433
1699 2626 173
133 219 633
2565 1213 534
2746 2368 124
154 1010 242
1242 959 36
1340 350 351
2063 1234 502
2773 2905 445
2658 1838 572
2152 1624 125
327 1706 114
2778 171 650
692 1157 235
1738 2984 356
788 2888 283
274 197 330
1113 2333 358
2779 796 607
2507 1278 221
1325 2183 411
540 1971 381
1216 478 539
2876 1522 371
299 78 144
25 585 346
1878 2661 246
218 2642 72
2974 1962 3
2723 2988 423
1167 2150 279
366 2855 215
143 2636 124
2825 1461 698
2444 1555 9
2689 1581 15
2559 260 30
10 764 297
1739 1626 673
640 442 541
1264 2097 3
2328 1474 65
1123 2952 612
2508 1037 320
2882 1546 285
955 533 310
38 1119 41
2434 337 10
2578 1868 147
2767 674 508
1399 757 519
879 435 367
1296 1435 596
1240 1078 649
292 581 357
2479 1856 231
1089 1358 259
2531 1574 415
1334 1619 174
736 1107 84
909 837 158
1816 1697 451
870 876 151
1858 894 74
1209 1214 445
399 1090 479
410 956 187
953 1743 506
1424 648 358
1607 1034 440
857 2955 290
1685 341 512
46 1102 237
2622 2726 700
2612 2530 505
2264 1611 15
1701 1712 139
1677 941 650
350 1457 434
121 828 654
76 2526 625
2963 1709 26
542 1516 310
2521 2592 601
2021 1478 583
2892 799 91
2762 2007 58
395 174 454
1462 1175 298
1898 64 150
1230 2118 615
872 2363 609
1442 757 597
1444 1033 1
2310 1306 656
1931 2250 429
1921 1863 395
1542 1546 172
2056 2360 325
754 1156 664
422 1663 628
705 562 464
741 627 117
2494 619 357
1391 1073 627
1187 763 453
298 980 200
347 1066 452
595 399 332
2242 1108 120
2091 792 500
2347 1591 662
399 620 498
1812 607 41
2623 794 193
1903 1836 195
2890 86 282
1633 1300 149
682 2162 190
288 1522 564
450 9 289
1509 2870 407
831 2782 405
1628 520 20
734 1817 2
1072 413 629
221 2271 237
2532 1899 557
2750 975 148
559 2027 174
2692 798 59
2356 1230 271
2056 2368 563
904 1356 318
1688 1704 203
867 1988 185
1557 1121 653
217 2048 37
2957 1159 340
1702 1987 492
2755 606 40
1961 675 339
1315 2762 262
1271 1116 444
2396 2948 505
739 2439 519
1620 2007 363
1388 433 268
55 1309 631
2295 200 514
516 2535 432
324 2278 116
534 2764 604
2363 408 619
1353 2162 465
588 1099 69
240 1153 579
2858 2237 477
980 1148 102
570 1609 466
1385 759 443
2762 2640 552
1423 2304 540
1448 2548 81
1431 259 515
2731 2407 4
1792 2795 296
1573 184 96
13 638 7
214 2182 666
84 315 286
1624 1063 404
1438 70 599
308 2497 307
2488 784 581
1094 1682 2
2826 201 290
2480 2806 231
1532 2267 261
2453 286 381
2805 1859 392
1334 1561 266
2833 390 33
2873 537 192
1874 1929 387
1237 159 417
1341 1972 563
222 261 116
2553 102 390
586 584 579
1140 2393 329
1999 1404 24
1729 1845 264
2775 2319 346
1610 1532 369
2302 2102 163
1482 2336 420
643 388 45
630 1356 239
1115 967 354
2914 440 521
459 2060 391
2737 928 214
1225 2693 343
267 261 565
2681 183 685
712 1818 181
983 1056 205
970 184 277
2315 1443 282
1615 2078 315
164 2939 542
1724 1022 15
206 432 238
911 2839 569
1342 955 502
1149 1575 354
2683 2203 506
593 386 14
2356 2573 101
329 271 189
1810 1287 615
123 2774 256
1738 2565 226
1903 1220 603
2302 2529 197
939 1139 229
2540 2524 333
978 640 578
792 1186 617
882 2386 277
2270 2354 382
1394 928 132
1312 1411 33
2459 101 679
2810 2844 168
1699 158 654
1945 2789 212
2269 1672 285
842 336 645
2556 1291 190
2835 615 582
2149 1639 64
472 344 639
995 2056 442
758 1308 649
599 1233 251
2108 676 51
1487 967 33
101 2451 388
167 1509 219
1470 474 675
287 1004 219
400 1625 523
2763 603 323
1443 466 398
474 985 524
1822 2869 548
2052 1869 353
1676 318 379
286 874 42
490 1442 17
1637 895 353
2780 151 34
1805 1389 618
1445 1099 50
354 403 689
2498 2198 54
1021 2470 374
588 2282 688
1309 1162 549
1080 2105 378
2223 801 401
2409 721 578
1438 847 564
1986 1860 267
403 417 275
1767 2669 672
458 2310 55
50 171 238
930 2415 657
434 1880 509
1445 836 157
1090 582 100
1284 2614 216
766 2559 293
1067 1735 103
507 1669 26
2459 2830 531
2896 1540 247
1915 234 389
877 164 272
2071 2782 22
2977 1940 392
1621 1737 244
663 424 288
1948 3000 168
1073 1747 1
2015 1563 69
1529 1538 18
1586 1647 86
329 2382 594
626 1951 27
2376 1203 420
132 1115 582
22 994 183
1346 2759 189
593 1490 436
1563 367 669
1938 677 397
1918 276 658
16 1866 93
267 889 696
172 2602 680
1765 2097 193
2938 152 318
1703 2452 371
2170 1800 1
2146 1572 399
1593 1060 123
625 1098 640
2860 2269 311
1986 2369 232
1360 150 261
1133 613 655
2188 2983 610
1508 2081 257
1135 795 453
2607 983 75
1725 2116 519
1824 3 555
2800 592 392
2345 1640 644
50 1027 333
1955 1712 440
842 2030 114
2890 751 353
2664 194 683
2457 1124 92
2141 1871 632
1924 1372 172
2436 473 138
2589 1956 32
662 2280 602
509 2477 499
345 24 650
2022 410 106
2549 2312 314
1065 2302 66
572 509 641
522 2128 448
2333 553 333
653 1254 167
362 921 27
1512 2107 594
227 1236 170
335 1582 434
1221 2787 328
2304 871 401
682 610 1
2477 988 137
705 2565 334
958 1307 234
22 2191 516
619 1369 693
1557 2366 93
1368 1965 507
1862 1010 369
2554 583 34
639 752 68
380 2089 544
526 2052 488
997 631 20
1824 1652 691
413 717 484
2541 2422 119
110 849 323
2834 386 670
903 2824 625
580 2902 351
1185 756 576
398 294 63
1890 1892 18
1096 778 423
1743 2576 609
1130 1423 151
764 2209 204
2241 790 271
1374 1874 141
2866 2322 253
1195 1130 212
2530 2539 495
7 1783 500
2165 2751 520
2313 1757 243
331 2113 442
2256 27 470
819 2466 18
112 2774 346
2325 2055 685
627 371 25
565 1629 462
2817 1797 131
301 721 612
2663 1385 545
1589 1252 442
816 473 87
12 1786 354
974 567 26
2527 2065 96
1354 851 626
2110 1098 139
2016 839 397
462 2978 138
2818 2968 544
2521 2233 195
1238 2770 132
667 304 544
1040 2129 574
2743 1588 280
1777 479 318
612 233 45
771 1660 497
1407 1744 429
2860 1718 210
265 929 381
114 559 565
1911 2469 101
2239 773 97
2036 2909 169
1381 211 173
86 870 158
1598 2226 331
1600 384 292
1657 247 53
2601 1974 91
634 2304 263
2682 2065 629
557 910 112
172 2965 515
1990 2311 646
1391 197 585
1806 1395 368
267 1252 228
269 2846 317
2510 1601 119
2282 3 59
216 1597 139
2235 1892 313
1559 2388 169
2123 1715 227
2431 278 189
673 823 295
570 923 589
266 2571 193
2239 640 557
1613 1035 457
2012 188 159
1839 2850 469
1371 1083 270
617 1039 460
1031 2959 430
2702 2732 473
2042 2717 412
939 1380 162
986 2178 458
885 2904 95
987 316 695
2685 2103 286
216 1796 475
1803 2334 528
1852 1271 504
2262 2879 326
2708 2821 664
1019 2056 228
2067 1356 87
2329 1578 48
1748 1421 481
1666 1655 362
526 1877 212
2045 2348 365
2164 1402 290
1125 281 472
888 1453 437
2021 602 430
2086 934 148
1551 2056 603
996 1739 228
1129 2325 104
1192 1983 36
1226 1694 38
670 1652 602
2501 2226 666
2094 2097 599
1243 264 294
1751 45 130
1265 1185 40
969 2466 92
435 2928 157
833 2353 398
193 691 214
1463 669 693
2668 1055 171
1852 1809 383
1805 1193 182
2532 2274 65
2009 129 129
1183 1578 556
2108 1802 459
2545 1907 652
2226 1962 418
833 1339 230
1661 2668 146
2155 2602 443
2646 65 500
2586 807 473
2614 1478 398
1430 2098 178
138 2851 328
845 504 486
1649 1301 22
1667 1068 128
2033 2083 570
1121 1742 362
2140 469 410
439 251 566
1653 1120 615
1583 2935 130
1712 1114 523
1645 841 99
573 2871 518
869 1407 689
1133 1022 539
1159 51 510
1599 465 508
476 1705 78
156 1756 405
1232 1491 688
280 2304 376
566 2422 691
1117 22 508
196 446 148
1626 437 423
2956 2270 569
2058 500 654
2284 614 537
78 468 584
2582 2446 193
1076 2157 238
1500 1160 519
2251 468 335
1763 2193 570
2933 1330 557
310 2792 49
2350 2937 278
2922 634 193
1846 1176 150
675 332 306
378 620 17
1874 2649 518
2097 222 113
1656 2191 354
2817 1981 611
1015 132 4
546 1015 374
199 1063 246
1988 2502 607
1301 1881 375
298 1961 529
256 2241 38
432 2731 160
897 105 656
2701 1782 48
2159 2708 502
2706 2976 140
212 2214 236
1429 1378 559
2078 1123 111
2837 818 412
1051 648 469
398 2542 276
958 1312 532
2914 266 157
2389 853 414
2188 2596 560
377 2341 93
2215 2871 560
2627 944 218
226 1955 97
642 2468 411
1347 1396 411
926 2781 563
2220 1757 17
1417 539 365
481 2201 247
1005 2898 119
1071 2558 593
2177 2272 137
1099 1644 202
2870 1975 87
128 855 257
2827 1892 322
18 1722 150
134 2713 362
2803 2059 484
352 277 137
2179 2946 129
963 2043 465
1414 1424 239
2379 2652 478
828 2675 487
289 1567 653
333 274 631
2556 2265 496
1631 383 161
1635 788 112
70 940 323
1827 2499 184
2462 663 696
2140 1465 400
2792 455 87
1572 1701 598
2592 1623 42
2853 2177 397
2328 247 82
1959 1669 580
364 2636 55
161 2407 325
1413 1580 126
2075 2231 72
1372 2453 122
1231 1957 157
2830 534 469
1483 2875 449
148 2519 33
1127 2743 130
1968 2100 82
1625 186 457
2395 101 519
2768 1581 550
1100 1645 413
2337 1855 652
2281 2687 30
1249 1994 372
1072 2032 611
2280 1643 212
1010 265 244
1453 1095 321
221 1016 46
1774 2113 48
1482 1015 477
1787 627 320
2353 1523 148
1161 1357 366
1786 559 353
1199 943 11
350 413 502
323 271 116
1290 2318 514
1762 2541 192
1876 1208 59
342 172 462
2351 2263 598
2633 281 691
731 1750 553
1838 222 397
2959 1825 446
2380 1564 596
267 657 632
1215 219 459
1883 2199 2
1156 1213 216
2559 2170 573
2417 1148 287
1917 2269 608
1929 664 535
2800 696 548
1808 56 531
67 905 2
2692 2124 593
958 139 537
2568 1400 51
1923 2096 248
1714 2040 534
2549 1048 328
496 140 3
1775 2002 653
1778 2742 262
2734 1023 636
1093 2326 560
2411 2975 81
369 355 130
1131 1842 670
122 1542 236
2524 2723 460
1130 2197 251
911 1376 69
2285 2798 520
76 2735 305
2211 2486 4
1909 451 44
2597 1607 322
1812 313 601
461 1881 578
2081 2478 555
1859 852 635
1713 694 274
1988 2651 226
604 1882 398
446 1789 161
226 1375 130
2543 2252 340
820 738 676
1874 104 96
2153 2697 600
1185 182 606
2387 2349 339
362 2275 282
1817 2297 650
2376 725 599
1375 2267 188
701 189 333
1599 495 168
1197 2009 564
610 1619 193
2182 2773 377
252 328 168
1213 1744 234
1899 1403 586
2760 299 102
1217 2274 477
598 159 110
1166 1705 492
866 31 578
220 2059 277
221 714 554
2631 1401 63
982 351 254
739 2003 259
2967 2970 377
1101 2479 441
2728 1885 526
2320 2522 457
2862 879 669
1325 1367 520
1204 1640 552
404 1076 10
1118 1407 151
172 2786 309
1239 201 662
1270 1867 583
1048 838 64
1313 691 38
354 274 62
750 2229 162
2350 1071 530
2419 2642 122
756 979 385
2301 2816 451
1407 682 192
2671 640 78
1047 2020 65
56 162 679
2868 2710 581
2677 2147 98
2117 386 316
325 901 17
476 705 582
1164 2196 281
1884 1324 6
253 2321 380
2996 2509 360
42 2878 450
1582 1830 207
1283 276 510
2546 1430 450
1209 161 163
1309 184 493
2860 1183 2
2251 1546 159
1807 687 30
999 2503 123
1672 146 524
51 1048 361
645 1422 670
2806 1829 443
2320 1154 440
1981 2285 475
2187 1519 172
1770 2485 284
80 769 468
1210 1331 409
2186 1853 194
2938 1322 135
55 2047 174
1702 1066 531
1378 706 152
1535 1785 375
1750 1310 642
2232 564 132
846 1701 597
1275 588 555
1837 11 700
2322 1100 430
1244 1904 83
1634 560 367
2764 875 46
1458 2119 245
121 2912 574
559 281 598
1033 1131 511
1208 231 96
2565 885 583
2746 2053 666
966 413 246
1680 579 692
1379 2013 508
2655 2471 140
1253 1711 621
2432 1267 425
149 899 250
2313 1374 451
2406 1548 45
621 1035 196
85 2092 127
72 2165 276
2240 1272 443
899 2405 350
2807 2349 693
2072 555 679
990 2840 176
539 29 234
2293 2342 307
1340 2790 399
2101 2360 700
314 1911 685
1355 1187 593
1435 460 594
980 800 92
198 2652 215
229 2997 266
2096 2307 512
387 2424 362
2499 1805 11
246 2947 2
1207 1402 442
2967 1259 185
2967 1983 419
2738 2830 288
2510 2344 290
2285 1801 46
2633 2041 150
1134 2092 286
2633 1635 345
2501 1825 671
841 1394 127
1759 61 71
1098 1340 650
586 575 150
2915 2470 7
2097 1012 421
1072 2705 409
183 817 370
645 2394 512
570 2199 147
1879 2643 512
1908 2047 676
1459 1286 399
1854 561 493
2232 666 657
393 2683 637
2639 59 380
1612 1911 21
1609 2469 653
482 2334 290
990 1022 228
2553 945 16
2343 783 623
1669 285 477
2144 996 564
1627 2899 614
58 2727 564
2176 187 98
632 2271 531
41 453 3
2674 1479 214
2463 2120 304
2877 1800 500
1049 2582 699
512 239 527
932 2154 570
791 1949 181
2451 135 24
2271 1763 232
408 418 9
2068 677 624
2493 1471 61
1236 2458 97
378 2985 339
133 745 393
2590 362 545
2434 761 15
269 2628 537
1620 2326 51
1103 2574 665
2098 1576 408
2135 2221 448
2896 1969 514
1950 2152 578
738 2715 238
2703 1939 257
716 2450 77
238 828 203
533 733 571
1711 860 350
2828 2029 96
2364 1067 545
2075 1864 263
795 2193 100
2937 2669 380
1475 601 56
586 2319 246
2072 2370 31
1686 938 166
2899 895 686
2172 1632 296
2849 2595 244
2530 2988 349
789 2478 602
2530 612 435
2958 478 482
2528 1913 534
2706 1660 175
609 1010 580
1583 818 447
2485 2996 410
2213 2187 128
1643 2500 65
1880 2676 139
1322 1446 387
1038 1415 431
2440 2327 461
2573 444 25
690 666 439
2137 111 41
1245 1537 421
2928 1971 317
2509 795 580
199 760 448
406 1662 42
1408 2883 479
733 2673 223
308 2646 161
1672 636 480
821 510 478
112 2869 664
609 2203 375
1369 2273 177
1634 611 659
2791 1625 330
2939 1124 392
962 2617 601
1818 1526 480
1029 2588 532
2947 2801 397
557 1428 417
1950 1286 287
2315 2172 223
2671 2373 320
331 711 153
2118 1220 580
722 2125 337
1249 1478 438
1193 2803 195
2727 338 114
2043 2754 321
1183 367 458
1284 148 296
2660 1369 68
1083 1154 669
172 2859 540
393 2730 462
1624 343 160
2482 1508 80
1733 899 405
129 2077 476
91 1792 35
1237 886 556
1510 708 355
2684 1789 464
459 1276 236
1345 747 240
2102 1202 632
2044 1744 479
1685 1056 394
299 443 673
2656 97 585
469 2712 41
1860 1536 378
1925 1912 259
420 1108 84
1868 2284 131
1434 1533 302
1675 550 169
2846 2126 125
132 2238 221
1717 1235 556
2253 1851 529
1606 561 288
1280 1941 48
1996 294 619
2311 1400 21
576 2893 270
1925 1140 548
1634 1037 363
599 2431 433
221 2130 526
1702 595 78
1978 1894 309
814 2773 570
434 2328 510
2870 1269 604
1268 476 57
890 466 443
423 2391 463
1064 1170 589
2775 2926 95
426 1095 295
242 2826 566
1467 2541 624
1208 2456 172
2403 1599 10
2389 1257 444
196 585 135
1739 991 622
642 1210 663
1926 414 607
2091 1944 13
271 1760 514
2538 1350 457
695 1782 377
2714 2125 163
2583 2218 433
72 167 277
2470 2196 280
890 2411 382
1270 1205 173
2540 1648 220
621 2762 695
2839 277 506
2674 2890 489
2482 1419 442
740 2186 85
1838 2248 94
341 2108 34
1393 1454 66
493 1187 464
390 134 120
96 2150 140
619 1262 104
1713 2310 359
1133 2044 190
2066 710 485
270 1873 399
1418 2499 191
2108 2351 66
200 130 304
2441 2231 115
2417 830 87
828 450 94
1525 1385 252
1618 2665 498
2881 1239 207
73 1203 631
1788 2236 191
2134 797 553
2043 306 667
2799 280 263
2076 935 474
1730 1233 514
1300 1804 28
140 1508 513
323 546 182
1 422 488
692 1207 310
2198 247 485
2134 1452 480
327 2639 635
2121 1743 554
934 2709 31
1449 1977 500
2669 74 292
2676 2836 310
676 2565 48
378 970 431
620 1862 244
1866 170 563
1171 1149 195
779 1949 327
2239 1614 160
1078 1903 463
1800 2500 376
2720 1358 700
1947 2006 72
813 1260 572
695 1049 148
541 678 424
1082 740 677
786 495 188
1094 930 580
164 2554 13
1328 2440 543
1307 151 481
1445 272 490
2166 2791 473
1948 719 335
1084 1985 246
484 1 313
2208 2259 7
1898 509 32
2563 1098 563
2151 2798 83
888 279 433
1256 2066 61
1036 197 386
304 2895 497
496 2291 97
1215 790 55
238 494 35
803 1380 598
2923 841 520
92 2536 84
2269 592 586
1623 1517 556
38 1238 516
719 2603 559
1890 59 467
1458 2364 408
1025 1030 77
2691 82 356
1553 305 589
909 1298 104
2590 7 39
1534 623 3
2905 819 550
673 384 462
1929 2016 502
2858 2191 456
1306 1151 374
2393 1159 38
1065 363 558
2285 2504 334
1826 2340 662
1346 1906 275
2726 391 536
2181 1949 21
2064 384 179
1080 1811 618
644 2506 361
87 2369 73
1557 744 491
658 275 20
639 2894 694
1177 2043 145
183 2433 200
2840 2446 285
1536 1667 160
1862 2946 134
2425 1670 367
1251 1686 245
2983 941 309
1017 857 144
32 1250 7
1077 2232 363
1050 782 667
1213 1853 377
2343 641 171
2290 1492 427
597 7 52
779 1820 199
2350 2073 664
1085 121 37
1618 1442 409
1165 928 149
1062 981 323
1295 600 675
2836 2811 563
1363 1005 98
865 197 437
302 1768 582
990 1455 404
1539 31 398
2528 2383 487
778 2899 375
1193 2124 210
1253 2593 352
2844 2394 73
1924 2143 400
2679 2291 493
342 2314 639
1713 2548 618
2578 383 130
1881 523 165
77 2200 299
2744 2346 271
590 1331 1
1880 2143 142
1804 529 383
2317 639 456
70 1845 151
2947 1010 291
720 1072 628
1273 2856 14
2344 2734 337
884 1417 602
1492 2269 613
712 1118 365
1926 1050 19
1576 1961 118
538 1761 358
606 636 132
1192 1975 477
1807 2594 637
2075 1841 594
70 692 456
673 915 150
1104 1243 75
736 2816 552
1875 2180 29
812 447 423
1337 607 371
1793 1706 668
2267 2198 507
719 1190 36
2742 280 469
1165 2423 566
505 111 164
1367 107 419
1361 2666 475
643 2005 431
202 1655 457
1102 1755 338
2545 434 537
1736 2209 415
2498 2339 310
1722 2831 658
1053 2824 210
1417 1112 622
2592 2270 646
2407 1253 652
2867 730 280
2402 1313 50
56 438 264
1367 2319 479
2309 2386 472
1703 277 84
552 1837 300
472 2820 430
452 355 582
2395 1218 211
2965 302 216
2062 878 232
1024 1655 185
2886 1988 250
1047 1083 194
1265 140 438
2846 179 496
772 2246 660
2802 1267 61
2490 2825 436
2339 2006 11
410 2728 226
2359 417 230
2017 2901 490
449 2615 87
1307 441 211
746 2866 398
1858 923 69
1191 1439 508
2596 2527 199
1806 1238 97
2985 579 349
118 2398 450
932 1701 97
2350 1378 586
1139 2905 285
1585 913 119
936 2684 122
1093 2341 400
2078 1174 141
805 1795 171
2117 1942 599
1633 2937 143
1466 477 491
2122 482 423
566 2975 541
996 179 183
2354 1097 480
265 581 35
1199 2725 351
1116 574 664
2037 1965 56
607 1597 294
2218 866 599
2899 1772 44
1225 28 353
1273 2585 592
2730 2151 246
873 1517 409
1625 971 393
2073 2885 366
958 611 497
136 2013 490
2685 1156 190
2760 1173 408
527 1837 37
1153 665 340
283 1053 642
1596 261 619
1021 591 154
2494 377 476
2709 1672 374
1291 2524 329
1142 2307 70
536 1299 36
1210 660 246
961 1522 574
2440 2043 456
2507 1190 14
200 292 114
560 1078 693
872 396 209
2598 2758 196
2177 2686 640
134 949 163
1915 1147 580
79 1152 337
516 1944 439
1891 1303 446
2188 1826 626
1262 1877 139
55 222 306
2042 2099 588
2630 2485 296
2817 2403 138
1380 2783 360
2784 2494 485
2172 41 116
265 1777 231
1969 530 418
12 1295 183
1174 388 321
3 2939 289
891 307 230
2295 1966 297
2599 2507 354
2090 2574 184
2941 1898 603
2740 2445 658
1156 1056 41
883 333 271
2028 1789 457
617 1654 523
2870 1131 556
2161 1285 269
1078 1597 531
1990 1351 694
1387 787 191
906 1413 191
1155 592 362
662 123 129
753 2364 204
1666 2730 500
1644 533 236
1388 1794 411
2244 1291 508
295 1640 59
483 1789 145
2440 658 125
2738 2809 595
2781 2468 152
523 1856 538
843 2263 349
884 1189 95
851 674 337
2697 1134 539
2687 2473 526
2734 2141 223
614 2218 500
2466 2808 217
67 1772 395
1634 2438 202
2485 1015 179
678 2950 64
2045 2453 96
858 746 58
1852 1890 455
68 594 261
657 2171 261
724 562 149
1069 2228 692
2022 2212 640
2041 2859 370
1850 2836 643
436 2434 100
2512 280 700
38 2992 171
937 2967 201
1003 2005 482
189 2102 304
2231 1425 25
1449 1741 478
1166 2154 185
1274 696 441
1039 421 389
142 129 339
255 1814 198
511 114 539
1436 556 621
382 217 299
1725 2885 650
1986 1989 197
190 31 168
1459 637 440
2816 229 532
229 2036 227
1244 2619 497
2618 1161 155
2784 2278 518
866 2948 583
2253 1088 434
749 2504 634
2008 1924 38
1237 2413 496
438 1024 612
2485 2418 253
989 1247 671
1242 822 334
328 2029 35
348 2704 138
2052 1433 407
2001 249 694
453 1019 693
2417 2613 445
2179 57 304
1174 1234 355
426 800 676
2908 1135 115
806 1016 318
493 1502 538
2230 1193 565
2028 1383 512
638 1273 628
2469 1490 338
996 1366 61
1022 822 551
597 85 371
2379 74 75
1175 2151 429
2824 8 373
1669 1119 374
1193 2683 500
2844 792 385
2326 669 286
2842 1645 95
536 2099 187
2588 1522 549
1325 2230 152
2573 2464 333
2348 1664 224
1234 2787 136
85 2718 416
538 2748 11
2502 590 413
2658 2056 256
339 2074 659
1485 2139 407
2871 2101 29
1235 2817 582
2111 393 441
921 2215 355
418 2619 210
550 750 327
1514 927 504
401 1278 48
2738 110 220
2319 160 691
1916 2255 190
299 1817 441
1830 1989 71
748 282 73
1732 1488 207
282 2896 303
2394 40 636
1829 1817 651
1520 2370 273
2907 959 409
198 541 208
1483 1952 554
1919 496 73
35 653 330
1268 1829 148
1372 1224 305
725 480 556
2775 2359 208
2821 550 592
2958 1312 23
566 1714 690
739 328 284
2940 2610 261
2338 2360 406
2486 1110 402
391 1307 572
303 2152 569
2130 1060 122
1031 2313 229
2896 1066 120
1315 794 515
1559 414 274
2771 2921 447
1307 2777 560
367 240 483
2205 2404 465
1484 2743 36
1768 1518 169
2739 1707 436
552 244 199
666 477 658
1524 1787 563
2513 1612 423
371 2612 554
1869 617 24
2055 815 698
2603 1254 233
1998 1078 643
2650 2792 371
753 1793 556
2398 1921 636
185 1026 150
2034 230 288
2038 2054 178
1119 2057 542
1782 1933 453
1201 1054 474
1993 468 573
1013 391 463
1500 1347 415
1659 2877 52
2369 2775 275
2414 238 108
362 2369 489
653 1365 564
221 2435 458
1550 417 116
40 2301 484
347 95 649
2566 2939 332
2732 51 263
2997 2697 366
300 1351 667
1925 2633 312
1383 2711 632
292 1188 18
198 2399 461
1146 2221 265
1416 2394 259
312 1163 78
1447 173 108
1448 1698 649
2681 2790 16
2731 599 76
2568 1727 314
1470 487 128
2374 2953 9
489 48 422
1696 2713 28
2487 67 569
2186 149 378
211 298 122
831 2596 216
1596 44 664
1180 1121 242
945 879 48
1434 617 386
2392 2385 165
554 1176 509
1775 1524 395
1702 2430 614
485 2542 341
503 1729 1
1020 2111 352
1231 2913 650
1094 655 590
1720 2607 440
542 833 373
1282 2523 16
652 1880 680
1701 82 663
2618 2071 473
2201 1935 306
285 1843 429
2733 2150 240
1780 1663 189
2343 251 676
2026 1298 460
298 2026 124
2018 2065 414
2148 135 2
2312 55 246
1542 2148 304
1070 2995 638
634 388 411
1722 2018 537
1917 1036 110
1700 1576 33
648 1271 581
1853 571 191
797 470 206
953 2715 577
2286 1886 175
1164 1519 66
2642 2540 586
653 1504 456
1538 1337 292
2461 1599 4
518 1436 654
1210 2091 185
2618 2845 264
2516 302 17
2072 205 264
2629 2708 156
1970 646 96
1903 1115 271
628 1984 520
2468 938 294
655 2420 289
2763 1896 593
2947 2685 334
337 119 493
1468 392 186
2125 2505 463
1347 404 165
1447 1748 676
437 1510 467
2491 576 561
2393 558 694
427 2638 86
2409 2405 449
1851 287 251
1005 2923 356
1141 1744 259
1188 397 287
76 2263 404
670 1269 243
1568 130 375
965 289 364
445 864 398
2312 1629 183
406 1737 410
1285 2326 430
1515 1737 309
146 564 71
2231 57 220
1081 1202 43
1927 754 195
1052 1949 573
795 144 311
1457 1793 183
2032 424 99
304 2090 4
591 2659 290
2073 276 405
2333 72 20
2407 2532 387
429 1262 595
334 931 665
2478 798 632
1000 480 360
799 319 383
261 893 114
83 255 669
523 686 206
933 644 184
1920 1381 387
525 1669 344
1499 148 479
2845 862 72
2065 760 8
2372 2203 592
717 1218 273
267 2709 549
1555 1868 279
257 2169 677
2931 2407 42
650 1877 625
367 1220 3
2661 657 392
2166 1229 182
946 928 407
2748 106 300
2090 1530 314
747 1312 288
1794 1677 669
1345 2443 79
1489 1604 557
844 445 240
664 2937 40
471 2721 557
2555 1341 98
1361 2273 96
2430 1420 233
18 630 563
229 2010 105
1167 2744 76
2944 911 645
1808 2589 56
1878 369 28
2505 1160 527
436 2116 480
2125 1997 586
554 2950 15
358 532 142
1418 2333 522
1981 2017 588
413 1316 299
2363 965 491
1588 2241 330
2090 2338 128
856 303 132
2746 375 467
1199 2563 35
952 2198 689
1488 1598 58
2882 944 293
2371 2013 359
2711 2733 284
896 997 123
88 1727 287
2824 2565 170
344 1362 447
1732 2523 335
1261 930 408
2042 2517 480
2466 535 545
184 2977 230
2369 1680 91
1814 1665 254
302 717 547
1639 2268 626
992 1201 233
1469 1084 90
2633 1506 127
2057 1868 101
939 571 210
1809 402 192
2770 188 184
1791 2172 81
1842 687 154
87 2533 624
2324 757 561
1553 1524 254
343 1771 689
1092 321 426
1078 551 50
611 517 179
2710 2721 608
850 1979 20
1792 83 463
2075 2804 304
1883 1953 369
2605 937 558
639 2509 347
1078 1706 508
1412 1355 190
1529 1034 227
2660 554 240
1756 2699 658
2336 679 441
2207 1489 498
1505 1333 67
2610 701 129
2959 152 235
713 2037 331
2350 582 151
86 530 359
244 2094 263
882 2404 544
2786 2204 265
496 2929 550
2391 700 349
2361 2448 698
1341 165 648
2399 1576 106
2591 867 307
1879 2330 697
1252 1356 555
1210 2374 449
1695 1900 383
240 38 447
718 1147 318
1225 1928 365
751 835 525
191 2703 364
2326 153 544
500 218 407
2222 2667 522
2661 1939 246
2857 1654 84
274 72 472
822 1757 425
1043 1664 618
106 181 595
188 812 221
32 1341 121
1574 1792 231
307 1545 242
2836 2402 337
1064 1230 463
2099 2451 9
942 835 645
232 1817 22
1267 117 82
2500 460 673
2915 1811 555
563 764 344
896 476 685
1682 486 79
1261 2373 491
1566 2066 661
1693 185 213
883 2895 697
2352 1375 279
299 1626 6
1290 2686 599
2326 2741 223
1564 1768 375
1732 122 545
1259 970 602
613 2511 178
2120 59 676
978 1880 65
1425 225 104
2034 1094 537
1912 2109 622
376 2946 505
1065 1847 265
869 1477 445
200 1971 411
248 835 60
1273 1939 206
718 2655 200
805 1184 446
534 1502 240
2118 1033 413
2534 1887 237
2096 2661 615
2429 815 264
2747 2713 192
803 2773 417
702 74 391
631 1919 401
1487 191 386
2300 566 530
1062 5 639
1929 576 408
646 2114 371
1778 2092 491
330 161 20
1878 522 358
2018 2050 684
1504 2039 327
945 1785 114
2627 2492 303
754 1531 484
684 915 692
83 2141 185
2235 1718 251
307 2895 565
1055 764 234
2301 228 664
1413 765 158
53 1244 486
2481 2751 480
2295 1531 73
2539 1223 38
2056 457 520
1369 2290 309
1364 245 584
60 42 603
2408 1823 195
2876 1174 475
1065 35 495
116 1535 547
1862 823 539
652 2147 369
953 535 281
194 508 385
505 1326 694
1571 1723 242
2255 2548 371
571 1954 43
1924 2672 407
24 659 393
332 1872 552
2126 931 391
2497 1188 668
218 2655 670
971 709 600
664 1944 542
237 2228 133
995 405 485
2315 1940 467
169 17 37
1365 305 177
1230 1940 26
988 2796 338
678 2117 103
1585 1381 637
780 845 241
237 1882 117
504 1643 603
1223 353 202
556 66 664
2725 777 659
334 1250 461
1922 2128 263
738 510 602
632 1715 659
695 2038 631
636 1131 651
2754 2532 457
1555 89 496
1347 2459 250
865 55 596
1804 2819 211
1554 2616 375
2130 1806 313
2653 2540 132
1186 1074 440
2441 885 527
1157 2480 26
961 1503 439
1960 160 255
2449 1291 417
2572 1534 539
1249 2811 146
1988 2814 402
1277 2075 532
2520 2127 219
440 780 515
1255 1272 51
1973 1379 264
2027 2173 249
2079 2445 490
2987 289 377
2874 922 447
2732 1902 5
2307 907 202
533 1606 486
2907 2627 111
1175 1436 344
2350 1169 134
1397 2109 575
566 2512 42
1037 2884 689
2121 164 630
2652 2975 281
850 873 495
2744 2379 622
2000 1298 521
2629 555 521
548 2381 302
2042 383 39
2045 1896 469
2328 404 663
1952 186 138
359 2076 186
288 1586 538
1107 1197 579
673 2568 92
2696 2933 454
2215 2543 695
850 299 456
1796 2338 399
570 533 134
410 2075 305
1641 539 257
129 1271 571
2519 2069 457
1513 407 256
1119 932 641
1394 1534 511
2131 560 562
2737 142 68
133 1208 410
513 25 70
1538 205 558
2668 1346 241
1944 2199 672
1197 1220 20
1056 2732 548
2624 1935 614
1380 1947 679
164 1550 576
249 1980 273
218 2726 167
2186 754 166
1502 1319 381
18 2364 336
380 749 296
2195 2536 254
1113 419 303
672 1415 104
732 1541 232
1869 1269 571
1200 846 327
1064 53 624
1494 820 630
1942 1047 629
1457 2497 50
1806 1295 491
500 1093 242
2751 1529 118
2910 2332 657
1507 617 168
2499 1357 216
547 507 330
1971 940 648
2649 2511 83
2409 999 213
304 570 280
73 2791 17
1065 1369 593
1462 362 131
1525 490 263
1354 2918 443
767 2336 612
904 2834 355
1958 1674 380
2285 1715 360
2948 397 423
1731 2789 400
652 2513 30
1580 876 319
741 262 322
1512 1631 238
1648 303 78
2651 2319 16
2650 876 557
620 2320 450
874 367 532
1642 1214 585
2002 2394 369
387 1108 196
1861 1514 338
7 2100 610
462 1472 146
1349 716 278
1317 382 516
1405 1209 628
699 1784 379
1178 900 151
2156 2481 236
1696 2747 451
291 2608 199
690 1252 525
1946 2656 539
1461 1887 141
1423 249 565
687 1739 19
1011 2172 256
2757 815 149
1302 1599 90
326 257 234
2366 430 232
2714 2363 48
2801 593 218
1930 1348 513
1539 833 289
2884 1661 126
2155 2266 247
619 2582 355
1981 1585 523
2893 143 256
115 2920 377
1991 1117 108
985 786 16
507 1248 25
604 2572 159
311 2188 155
2845 907 300
862 1729 366
2383 1819 614
1965 2112 314
1554 2273 104
515 400 327
2552 331 9
1387 2546 476
1487 2253 99
187 1174 557
1462 1615 678
2690 1587 468
2546 2340 357
17 2679 78
1617 2229 6
1287 1553 424
2099 1275 444
2504 2812 500
1257 1132 113
1774 695 167
1185 68 668
2512 2153 643
1884 1709 43
136 1527 278
2742 537 681
2751 1216 260
726 56 696
224 2299 552
2769 1204 171
2920 758 53
2177 1721 640
54 322 177
2861 1278 30
1369 1694 337
1720 995 343
947 1057 187
978 2565 339
2658 2341 386
1542 1955 140
709 1716 676
1770 2083 468
844 1743 200
60 359 534
2189 2101 457
2399 964 631
896 128 231
692 279 152
14 381 191
484 2608 692
281 869 612
1032 1884 626
624 2978 561
642 946 692
292 2668 676
2927 808 343
2389 2336 454
2340 1486 295
70 2514 239
1816 1254 604
2939 691 299
1380 2393 658
437 2732 4
7 459 173
1115 1499 551
1328 2941 125
1187 2992 472
2480 1115 55
1344 761 289
520 1691 79
1399 2213 299
2035 2904 482
324 946 510
833 958 484
518 2984 520
72 1824 176
1422 842 84
2895 2525 155
978 1912 505
1979 166 378
2544 1115 519
1390 1712 485
1585 2597 192
2489 883 270
1687 125 14
539 1926 577
2744 1405 325
2211 1221 16
579 2953 180
2689 2541 28
2592 744 152
307 185 681
770 617 192
1430 2106 19
953 13 499
1301 1484 518
2551 1082 154
1144 1796 527
1046 236 255
608 1639 221
1792 2109 484
954 2396 648
2313 1861 300
2438 1139 370
2663 907 27
1004 1702 545
1527 585 563
768 2074 519
2816 1504 402
2449 2189 535
1550 1280 569
2182 120 432
2203 1737 263
739 2171 41
1966 219 209
2102 521 345
876 1513 136
1716 2224 55
2141 1820 432
1082 2260 1
41 2248 222
807 2853 298
142 11 695
2447 376 21
2851 2013 107
2831 1880 523
68 1074 269
1547 2765 508
2209 102 598
2838 2370 526
387 1451 55
703 2037 432
760 798 86
1609 806 57
2135 816 444
1495 2628 373
1430 2367 139
2058 2564 254
2200 1299 181
2910 2869 496
1448 1424 676
1774 1862 370
829 928 178
645 382 595
1361 1024 68
1128 226 222
1984 2328 33
133 2654 432
2686 692 617
2919 2257 186
1987 2048 663
987 1549 496
1080 582 370
2459 694 596
2088 250 136
508 2284 61
2208 2383 632
630 1450 298
2310 298 491
946 2886 338
1441 1079 330
1617 2543 420
426 1724 611
2158 1247 694
2306 930 392
1341 1395 144
66 1588 572
2662 2651 626
297 1814 350
987 1607 523
1945 1014 388
2281 593 687
520 346 149
414 1415 379
656 1463 404
2352 1808 147
354 1777 611
2375 700 494
49 1812 638
1336 1226 531
1733 2856 422
2417 176 651
641 2978 465
2086 792 570
1734 1644 409
1632 2225 454
878 2998 180
2322 293 260
449 712 399
1636 129 28
2438 126 335
2800 2439 37
2567 861 156
1906 2084 411
458 280 499
2619 2059 695
837 2787 173
373 1066 136
1698 905 175
731 1031 226
441 2064 327
1000 1551 336
1482 1609 342
1456 2629 123
2351 190 476
2280 993 644
1405 2550 611
2696 1262 299
252 1818 326
1048 1537 400
2576 1926 435
2253 716 585
522 1067 98
2853 405 488
1465 409 379
1875 236 654
317 2072 155
1524 957 276
2968 86 234
2441 715 584
1069 2550 151
1328 2123 286
1838 1606 456
822 328 469
2412 1016 342
2113 2648 481
1324 1638 331
759 33 240
953 287 315
761 460 417
2623 1945 101
1206 1442 108
773 1653 167
2521 1468 553
75 2173 403
805 1754 581
2845 445 656
1580 1707 300
1772 1996 212
2475 2688 696
2865 2765 45
626 2570 619
2060 1991 137
222 461 523
908 2567 35
2697 1873 462
2441 2126 424
2794 1907 181
1876 1836 683
479 1522 110
429 2483 39
1746 326 589
916 394 77
947 2218 302
1588 2305 594
133 2536 57
1303 1136 449
1093 2243 213
1945 2919 88
2042 355 649
1534 2456 313
626 488 295
2521 2329 282
695 562 301
478 2677 90
653 2783 106
1531 2017 429
2415 2440 624
2795 1845 402
2659 1709 207
2223 826 674
2130 2341 682
1041 1721 462
1806 214 209
1310 158 259
66 2261 125
867 2003 235
2021 1939 526
786 1129 312
1155 2907 646
428 2391 131
1898 2136 176
2575 2453 577
2371 2293 344
1494 1149 245
2868 2862 202
2233 239 142
2259 1825 598
305 1373 69
1382 1461 235
479 74 121
957 1903 121
117 2261 506
2224 2798 670
71 2667 607
1214 2152 137
171 2488 84
2485 39 371
1971 1358 522
166 319 293
2112 2696 402
389 816 149
1076 279 185
1742 1254 264
1058 2813 595
2268 1309 101
1446 2180 157
1401 2308 514
496 126 675
426 1003 122
108 2865 239
1678 1653 314
2492 216 429
1093 2208 34
1332 91 62
1941 714 33
1124 2589 299
2532 77 128
1940 2641 415
2833 1497 47
1216 368 186
2037 2551 211
1471 2424 586
2246 487 77
1894 1542 415
1571 774 230
346 783 47
955 2284 575
276 2462 393
320 1437 228
1827 2475 413
266 2951 615
2596 244 656
2777 1650 102
1652 1348 218
797 1539 418
470 1499 197
2907 975 395
2596 408 352
1635 2026 566
2010 2634 115
1184 202 156
942 766 54
2492 1336 212
92 1353 306
2823 1193 552
2637 2630 618
1641 1611 655
13 1900 463
211 553 154
1343 2191 677
2200 2473 129
806 551 680
2794 880 17
2704 817 440
2679 609 480
335 1083 668
1586 769 523
2114 1413 594
1447 2037 612
2185 1768 25
1679 2760 433
75 481 643
2107 2360 331
96 379 475
1896 1805 62
1895 169 232
1193 852 249
564 1186 108
2299 1293 439
2503 1259 202
2896 2998 106
977 94 523
1326 1639 283
290 945 260
1827 2998 501
989 1097 582
2832 436 406
1505 1829 195
677 1241 527
489 1905 668
776 2018 371
1000 552 585
807 1912 167
1651 2147 458
1069 401 401
2812 2468 410
2814 1398 315
1874 1772 240
1253 174 53
1071 2580 261
2928 341 475
2491 1060 515
2994 1912 647
3 1088 683
2177 2729 265
651 2628 453
881 2609 522
2445 1629 607
1696 1161 397
133 2842 368
2237 1158 149
1152 1212 274
1408 1202 474
853 250 247
2021 1458 654
1310 498 577
2396 685 341
1678 2232 9
314 167 545
266 2585 223
2515 2715 180
768 1603 332
1932 166 230
1401 301 410
1509 824 150
1757 869 257
2796 953 51
1969 1194 328
1469 749 346
1222 905 353
1389 350 449
2073 452 79
2743 434 621
593 1555 328
2984 1917 40
210 71 245
1452 2635 88
885 159 56
1005 2893 592
406 2065 676
252 209 501
1704 2227 45
1497 1819 353
1912 652 61
1579 612 193
1447 1950 10
500 4 175
1323 200 550
1480 1294 123
2391 1638 263
443 204 159
254 89 230
2642 2147 527
1883 100 109
214 2967 209
192 302 644
804 2223 597
2406 2451 673
2826 1264 363
2128 2106 227
1482 416 52
516 1418 401
1642 159 293
439 182 469
181 1333 109
91 2726 588
1513 2152 189
842 575 377
1700 2422 157
2774 315 429
2836 1993 277
2505 1028 426
444 2589 562
2541 2821 430
2070 2947 215
1621 2723 569
1449 61 532
1686 2986 153
1828 1124 345
345 348 206
1533 1729 203
864 1379 383
75 2251 13
423 134 114
105 2503 231
521 1443 668
2990 1588 539
254 794 468
363 974 330
2614 1191 366
1757 2878 541
2857 2453 510
719 1845 561
1010 2423 229
259 2667 66
419 1138 101
400 366 196
2090 2068 483
1198 648 347
585 1807 360
409 522 507
719 1314 100
2541 677 38
168 1286 329
2496 2437 451
644 2432 616
861 1030 75
967 2704 69
1475 380 246
2387 1254 420
901 170 584
1088 2382 625
957 2742 375
1106 615 670
2051 1130 344
1731 1112 109
1906 2984 437
1723 552 588
1230 2238 244
2554 1537 245
1730 2485 666
2363 1871 524
638 2996 661
2963 1778 117
603 2949 186
546 2904 525
552 1978 665
883 2671 365
2434 2404 438
1965 1100 592
2103 1021 68
2439 1576 17
931 830 591
1168 779 368
1120 2058 261
2281 57 509
271 1897 137
286 356 387
293 444 50
1720 940 401
2207 259 572
1181 2595 475
2750 2694 372
423 1261 44
1719 861 524
2788 2994 320
426 2787 463
218 478 422
140 2950 173
416 755 299
2732 324 336
598 2508 163
88 1708 223
1911 1301 358
1196 937 444
2336 1458 593
1510 2264 155
1852 1021 153
1435 1930 680
2704 2278 108
1258 1169 90
2756 2368 129
1971 8 654
1254 2985 336
