100 99 5 1 100
1 2 20 8526 68863
2 3 5 1253 66408
3 4 14 63727 93370
4 5 12 71982 94756
5 6 13 78778 94744
6 7 10 30728 75718
7 8 16 53932 93984
8 9 18 38475 87066
9 10 18 24231 28310
10 11 9 89291 93266
11 12 17 22474 57691
12 13 19 26043 72974
13 14 14 55937 78616
14 15 6 24019 67842
15 16 19 5788 15873
16 17 17 75237 76875
17 18 18 63434 89750
18 19 6 28324 94124
19 20 1 4154 75073
20 21 10 21361 76384
21 22 16 34978 94058
22 23 10 14195 31897
23 24 16 20202 38001
24 25 4 8135 75088
25 26 19 2086 43547
26 27 11 19131 46064
27 28 14 73000 86794
28 29 13 61804 90344
29 30 2 43782 83413
30 31 4 4687 34026
31 32 6 33250 44569
32 33 18 8370 91652
33 34 20 66556 82276
34 35 5 85310 90882
35 36 18 23608 57550
36 37 14 19825 39984
37 38 12 81922 89558
38 39 5 93165 93743
39 40 6 13845 94797
40 41 18 8721 70222
41 42 12 10297 91481
42 43 7 6102 18375
43 44 6 64695 88123
44 45 1 48072 82742
45 46 4 48920 49517
46 47 16 37751 74730
47 48 9 12372 22674
48 49 3 35018 78327
49 50 10 22452 91779
50 51 16 77380 87454
51 52 9 21552 30323
52 53 16 55350 92496
53 54 12 2006 61560
54 55 17 41820 95922
55 56 4 33943 84710
56 57 19 22072 83829
57 58 6 48225 86282
58 59 7 23890 60744
59 60 20 56309 94719
60 61 17 61251 72481
61 62 8 66846 86993
62 63 5 8853 46542
63 64 7 21255 92437
64 65 11 73275 97964
65 66 11 38269 63221
66 67 16 42803 64972
67 68 15 25977 35641
68 69 4 7322 75520
69 70 17 18409 97660
70 71 16 11844 67433
71 72 14 73419 91020
72 73 6 10696 79783
73 74 14 82169 99667
74 75 17 4827 30150
75 76 20 36795 91295
76 77 4 52867 64841
77 78 12 13158 49573
78 79 13 11386 74075
79 80 8 37997 94022
80 81 8 54481 84181
81 82 12 25122 69889
82 83 10 1199 83097
83 84 11 21226 29148
84 85 6 71741 98752
85 86 5 20620 33061
86 87 6 22516 42443
87 88 8 21610 52989
88 89 6 73089 75542
89 90 18 1759 13286
90 91 19 43201 86148
91 92 10 46281 65414
92 93 3 20256 25763
93 94 2 32480 39716
94 95 8 31453 89542
95 96 16 36938 55667
96 97 5 8182 97133
97 98 4 57817 94977
98 99 4 52147 96492
99 100 10 39765 93340
179 281
516 757
808 980
819 233
956 549
