1000 4000 1 1 1000
1 32 20 35608 80225
1 2 14 15235 83203
2 33 18 49054 88949
32 33 10 45977 78535
3 34 20 28463 45268
63 64 16 51974 76041
4 35 20 52613 75111
94 95 19 47277 81532
5 36 18 5859 62485
125 126 13 26070 96181
6 37 12 27584 58365
156 157 19 60483 74723
7 38 10 54129 63113
187 188 12 36979 73820
8 39 16 9974 81693
218 219 15 10041 56050
9 40 12 16165 39954
249 250 11 29822 80769
10 41 11 12170 45152
280 281 18 19824 42976
11 42 12 47917 55772
311 312 20 71612 93626
12 43 13 34704 59120
342 343 19 36566 50039
13 44 13 53602 91790
373 374 12 8014 9738
14 45 15 19998 97209
404 405 10 48221 55490
15 46 11 41940 88367
435 436 18 50328 55031
16 47 18 21192 86478
505 506 10 14304 81188
17 48 11 2336 40230
536 537 20 23756 94771
18 49 20 44839 61732
567 568 19 62788 94834
19 50 11 61297 85776
598 599 19 14622 20512
20 51 18 49929 84054
629 630 12 12863 84464
21 52 20 44273 50828
660 661 16 31714 64724
22 53 10 69147 87043
691 692 19 68157 68865
23 54 18 64083 89252
722 723 17 27637 64317
24 55 12 24139 78953
753 754 13 867 81107
25 56 14 2055 83216
784 785 20 8468 20983
26 57 11 18493 46015
815 816 20 27539 44252
27 58 19 16989 35368
846 847 11 3054 61513
28 59 11 46841 98740
877 878 16 7358 34607
29 60 15 32369 56309
908 909 10 49248 92966
30 61 19 16311 60739
939 940 11 14403 78488
31 62 18 59011 67099
970 971 11 28823 71180
32 63 15 11623 25327
2 3 18 61313 98117
33 64 16 7475 99060
33 34 14 60329 69781
34 65 19 14092 61990
64 65 14 37251 80500
35 66 16 22003 45371
95 96 15 4355 27821
36 67 10 25830 31982
126 127 15 1256 42209
37 68 14 17806 40468
157 158 12 22625 22848
38 69 12 4171 44552
188 189 19 24594 60467
39 70 20 91537 93588
219 220 15 48648 85878
40 71 20 57786 70691
250 251 11 57740 93175
41 72 20 7762 77294
281 282 15 63168 85673
42 73 15 24290 77457
312 313 17 47618 76491
43 74 10 22402 72859
343 344 10 94983 95871
44 75 19 56263 73204
374 375 17 32308 79260
45 76 16 90960 92443
405 406 16 1234 98588
46 77 17 41425 53880
436 437 16 50828 95551
47 78 17 25654 96351
506 507 10 49100 55953
48 79 18 80720 92307
537 538 17 3253 7787
49 80 10 19608 54536
568 569 13 12778 78152
50 81 15 76434 95259
599 600 15 47928 85724
51 82 16 14830 48608
630 631 16 40418 85053
52 83 15 65962 71409
661 662 11 752 97966
53 84 11 44483 48728
692 693 10 23843 96796
54 85 13 33031 88442
723 724 18 20219 96161
55 86 10 38740 58644
754 755 16 19184 46292
56 87 13 89152 99993
785 786 19 12936 55709
57 88 11 14477 92050
816 817 12 23940 70393
58 89 16 49670 68453
847 848 18 7354 93154
59 90 16 12312 50435
878 879 13 18346 44348
60 91 11 46555 86800
909 910 15 37913 79233
61 92 14 40206 43431
940 941 12 10656 49897
62 93 14 62629 80060
971 972 19 98730 99759
63 94 18 70384 78620
3 4 10 11603 39913
64 95 20 82469 97802
34 35 19 8411 95390
65 96 13 27776 49757
65 66 12 7694 55807
66 97 17 32245 65177
96 97 20 4241 55873
67 98 14 25270 76901
127 128 20 4483 58572
68 99 11 10923 35097
158 159 11 1159 20408
69 100 12 22589 85033
189 190 12 22920 46060
70 101 14 33801 72107
220 221 17 2181 66351
71 102 18 2692 2831
251 252 15 42748 56355
72 103 17 68846 99550
282 283 12 27743 35063
73 104 14 11536 51929
313 314 15 2468 95687
74 105 12 603 84302
344 345 20 11798 85539
75 106 17 41163 85625
375 376 17 12200 14351
76 107 20 19083 83903
406 407 11 12272 48747
77 108 10 44548 94975
437 438 18 80747 81373
78 109 16 41986 68024
507 508 11 92137 93213
79 110 16 18053 66545
538 539 15 37284 72072
80 111 15 33955 72110
569 570 11 8678 30920
81 112 17 26981 90377
600 601 13 17929 28358
82 113 16 14331 97917
631 632 17 23828 31651
83 114 18 7034 40516
662 663 15 74647 99303
84 115 19 21237 79384
693 694 18 80986 95027
85 116 15 19754 92792
724 725 16 65793 71066
86 117 15 41279 77630
755 756 15 35633 41431
87 118 19 5015 8980
786 787 10 14456 75208
88 119 13 24024 74425
817 818 12 207 22237
89 120 15 8159 23975
848 849 15 45410 71222
90 121 18 2292 95178
879 880 17 1634 46400
91 122 16 25294 91436
910 911 20 31728 96497
92 123 10 3070 97946
941 942 18 28863 84565
93 124 14 7870 46868
972 973 13 11608 84369
94 125 11 14990 44770
4 5 12 19884 28968
95 126 18 7573 18702
35 36 12 52041 75481
96 127 10 15175 36297
66 67 15 42943 75222
97 128 17 4015 76850
97 98 14 94722 95027
98 129 19 53482 80175
128 129 11 54615 62367
99 130 10 32817 81684
159 160 20 83049 91093
100 131 18 46851 65918
190 191 10 17387 26938
101 132 10 7926 93024
221 222 18 46436 70128
102 133 14 64096 67854
252 253 11 49215 84514
103 134 14 7877 74165
283 284 18 67805 71417
104 135 15 43462 47360
314 315 16 667 96320
105 136 20 22118 46125
345 346 19 4115 7206
106 137 17 70016 84077
376 377 14 1031 31063
107 138 18 906 12144
407 408 18 24787 44023
108 139 13 3356 91513
438 439 13 41164 93713
109 140 16 91965 95328
508 509 20 92570 98607
110 141 10 31407 38468
539 540 13 36648 93598
111 142 10 60535 89316
570 571 19 70753 79024
112 143 14 29997 32702
601 602 20 13751 16098
113 144 19 17258 87681
632 633 17 42402 60582
114 145 11 32785 83290
663 664 17 8241 66629
115 146 17 20081 49395
694 695 16 1476 18818
116 147 17 45697 65399
725 726 20 9320 94853
117 148 12 11888 40118
756 757 14 23649 63266
118 149 10 84541 92583
787 788 19 15845 69609
119 150 14 12209 59093
818 819 19 28078 75628
120 151 11 21565 74299
849 850 18 69722 99990
121 152 12 16980 65668
880 881 14 8580 53353
122 153 14 33518 82453
911 912 14 34499 60303
123 154 11 73044 89714
942 943 11 70301 79018
124 155 16 30439 74343
973 974 15 27979 82674
125 156 18 54663 68118
5 6 12 15609 60571
126 157 17 45798 87543
36 37 16 44000 63328
127 158 18 46734 91148
67 68 18 59297 91123
128 159 15 22838 29213
98 99 19 61221 66834
129 160 20 20362 88775
129 130 15 25282 54940
130 161 17 5914 38166
160 161 17 84060 90800
131 162 15 22577 91891
191 192 11 11906 74320
132 163 16 28920 93386
222 223 18 16140 47862
133 164 15 5605 78755
253 254 10 30874 51273
134 165 14 40428 70424
284 285 19 12462 61426
135 166 11 88324 91918
315 316 16 57801 87345
136 167 18 28075 41357
346 347 11 18064 31533
137 168 12 62025 93060
377 378 16 47033 55166
138 169 19 17893 83008
408 409 10 21092 88733
139 170 13 66235 73498
439 440 15 3285 24032
140 171 11 26286 79612
509 510 10 29424 87623
141 172 15 38875 54682
540 541 16 27727 32143
142 173 12 616 59979
571 572 15 4471 39438
143 174 18 23669 86883
602 603 14 27938 49727
144 175 19 15695 22317
633 634 16 10835 51705
145 176 11 35563 65076
664 665 10 26869 43305
146 177 19 59008 61477
695 696 11 22992 53961
147 178 20 4020 11430
726 727 20 51772 90347
148 179 18 61465 72528
757 758 19 71037 82598
149 180 12 9260 63572
788 789 13 53299 94763
150 181 19 48993 85651
819 820 18 38433 79832
151 182 18 87011 95665
850 851 17 31426 47972
152 183 17 62705 94708
881 882 11 44870 63289
153 184 20 15358 52807
912 913 12 19726 97244
154 185 17 20341 64509
943 944 18 18437 63760
155 186 18 29924 56006
974 975 16 23016 54012
156 187 15 46010 93993
6 7 15 57221 74077
157 188 17 58087 62521
37 38 14 82308 96878
158 189 11 28362 56258
68 69 14 1058 23081
159 190 18 13357 51803
99 100 12 19708 29968
160 191 10 6150 27445
130 131 20 49280 50084
161 192 16 9007 83002
161 162 18 39078 64796
162 193 17 20607 30842
192 193 14 5898 12186
163 194 16 28988 37964
223 224 18 32036 83844
164 195 14 15796 70307
254 255 19 8495 91481
165 196 14 51563 84507
285 286 14 42828 45943
166 197 16 53104 96737
316 317 20 53880 79848
167 198 14 10026 95843
347 348 17 20461 66249
168 199 20 45676 67564
378 379 13 8995 65475
169 200 20 34605 63393
409 410 20 3325 3657
170 201 19 39047 58803
440 441 19 30792 82458
171 202 13 4793 16644
510 511 19 10186 58941
172 203 15 39174 76257
541 542 13 68113 88334
173 204 13 16589 90734
572 573 19 64263 80855
174 205 11 4259 15535
603 604 16 28249 85127
175 206 11 38208 58748
634 635 16 27455 87520
176 207 17 26274 78540
665 666 16 35725 91596
177 208 18 3648 40045
696 697 17 48153 66460
178 209 14 11130 71399
727 728 19 25967 46134
179 210 11 66729 71154
758 759 19 30814 56659
180 211 10 11622 47743
789 790 17 47484 91402
181 212 12 1886 51264
820 821 13 59517 75326
182 213 15 1409 31817
851 852 11 13516 66246
183 214 15 50869 66272
882 883 13 16525 48535
184 215 18 21053 69854
913 914 14 27507 37832
185 216 13 60083 93767
944 945 11 60039 90369
186 217 16 43531 99370
975 976 15 14722 72625
187 218 18 22215 31968
7 8 14 63728 74576
188 219 17 23183 30042
38 39 17 40444 41773
189 220 16 47792 78448
69 70 19 50550 80406
190 221 19 9963 61744
100 101 12 79605 91922
191 222 15 9491 64254
131 132 20 40602 87189
192 223 20 17261 69815
162 163 19 1849 85517
193 224 15 56111 88848
193 194 11 27105 68841
194 225 17 33723 34887
224 225 15 36560 66481
195 226 20 31116 70845
255 256 17 68827 76760
196 227 11 6922 63407
286 287 11 68520 87134
197 228 15 22080 49088
317 318 13 14128 68464
198 229 20 42744 50739
348 349 14 26730 58042
199 230 19 80016 94787
379 380 20 72596 83917
200 231 13 81456 97140
410 411 17 24561 69248
201 232 11 34244 39150
441 442 18 37909 83036
202 233 17 18094 24269
511 512 14 57063 59228
203 234 15 7706 33411
542 543 13 7614 79998
204 235 14 37841 62817
573 574 10 33185 55221
205 236 19 7734 47206
604 605 17 17677 45091
206 237 15 56739 98393
635 636 10 35594 86800
207 238 13 6668 52766
666 667 10 2093 94924
208 239 20 26490 61027
697 698 20 53782 55395
209 240 13 52233 58730
728 729 12 37929 62493
210 241 19 20834 45854
759 760 17 65893 88380
211 242 13 63484 65700
790 791 11 1969 46175
212 243 14 6540 48396
821 822 16 2089 59265
213 244 12 46551 92591
852 853 11 39718 48589
214 245 19 74516 83771
883 884 20 31356 93002
215 246 13 14613 79507
914 915 13 1711 81260
216 247 13 10639 20780
945 946 16 44889 75033
217 248 17 67097 71990
976 977 20 21337 43454
218 249 13 2350 44068
8 9 16 9388 61037
219 250 17 26442 33442
39 40 12 21909 45068
220 251 18 5584 15267
70 71 19 61339 68303
221 252 14 6673 78110
101 102 19 45660 94900
222 253 19 28800 88049
132 133 17 54373 89256
223 254 18 48963 56525
163 164 13 12079 92781
224 255 11 34741 76804
194 195 15 10615 58308
225 256 20 51576 89681
225 226 16 30630 69661
226 257 11 51353 59700
256 257 12 25567 42751
227 258 15 21118 21340
287 288 15 50713 55470
228 259 11 52816 87174
318 319 14 59789 64309
229 260 20 32837 48954
349 350 19 17771 36771
230 261 10 82310 91449
380 381 11 57048 57845
231 262 11 67185 98040
411 412 14 3270 45323
232 263 17 60770 68255
442 443 10 57451 96568
233 264 16 28259 37903
512 513 17 1911 57600
234 265 14 65471 82715
543 544 13 50568 94855
235 266 12 74445 85743
574 575 14 38972 58195
236 267 19 5676 14065
605 606 14 37842 90555
237 268 10 39112 45414
636 637 12 199 88153
238 269 20 29243 32263
667 668 11 26365 56741
239 270 11 32046 44444
698 699 17 30282 84328
240 271 17 59863 97035
729 730 15 35466 79768
241 272 19 28399 33961
760 761 10 31405 48216
242 273 18 35844 82214
791 792 14 9218 21315
243 274 15 284 80665
822 823 18 63609 63621
244 275 16 10759 50291
853 854 12 7735 74924
245 276 17 59479 80211
884 885 19 16762 81258
246 277 11 5207 63961
915 916 13 53124 85441
247 278 10 44901 75452
946 947 12 29748 68916
248 279 13 31192 85615
977 978 20 15863 55609
249 280 14 48559 88148
9 10 10 76826 87609
250 281 13 59558 79558
40 41 16 6644 19561
251 282 14 26431 30425
71 72 15 31680 60044
252 283 20 19075 45288
102 103 20 27723 69271
253 284 10 27631 94264
133 134 14 73799 83533
254 285 20 9740 82490
164 165 17 63234 98198
255 286 18 21079 72040
195 196 19 4498 59764
256 287 12 21683 54612
226 227 10 8406 26501
257 288 19 22073 77851
257 258 18 15811 83597
258 289 10 34667 68137
288 289 13 7025 44396
259 290 10 6886 92917
319 320 17 55438 56860
260 291 10 5555 76573
350 351 19 31935 39180
261 292 13 1849 30971
381 382 10 25554 29982
262 293 18 83839 86505
412 413 11 37654 54915
263 294 16 1365 8116
443 444 20 35779 99929
264 295 13 23315 75769
513 514 20 21074 52273
265 296 16 46973 68498
544 545 13 11022 30355
266 297 14 87512 99250
575 576 13 86213 95932
267 298 18 52500 54303
606 607 11 47865 84480
268 299 10 4619 27512
637 638 15 76837 94725
269 300 10 63551 86322
668 669 12 38634 40965
270 301 20 18121 23432
699 700 19 48659 86795
271 302 11 8285 22998
730 731 12 93192 99622
272 303 18 71826 86285
761 762 20 38640 96891
273 304 19 46711 80469
792 793 11 4577 62141
274 305 10 9373 78692
823 824 14 23130 65434
275 306 20 5965 52939
854 855 20 20543 37424
276 307 18 57768 58468
885 886 11 61747 70591
277 308 20 49170 89100
916 917 13 26052 93491
278 309 11 66850 76412
947 948 15 6121 20407
279 310 13 12614 55653
978 979 12 3773 82539
280 311 19 18911 21219
10 11 18 39823 47014
281 312 16 44395 64606
41 42 15 28653 73322
282 313 18 38502 60229
72 73 11 29293 71494
283 314 20 28812 61878
103 104 15 50285 52808
284 315 20 33222 51729
134 135 19 64002 92055
285 316 20 25471 90398
165 166 19 27108 62320
286 317 11 22539 68197
196 197 19 60875 73808
287 318 19 36606 66463
227 228 14 30981 83496
288 319 12 31030 92211
258 259 17 46062 63885
289 320 11 12226 71936
289 290 17 18839 79551
290 321 15 15842 27209
320 321 14 12811 47658
291 322 10 18776 59312
351 352 12 1769 84214
292 323 13 13014 53963
382 383 15 52316 57514
293 324 18 16033 84656
413 414 14 60158 83766
294 325 19 25516 48227
444 445 19 19828 36955
295 326 13 2626 87051
514 515 12 50482 86787
296 327 15 15249 20154
545 546 17 40327 84084
297 328 18 919 87905
576 577 16 12239 44679
298 329 19 31072 70330
607 608 18 18249 18575
299 330 11 6686 28464
638 639 19 45598 60947
300 331 12 9265 98565
669 670 19 49839 82082
301 332 17 50675 65221
700 701 16 49245 94193
302 333 19 28872 61091
731 732 11 11082 51979
303 334 10 8333 12597
762 763 17 3879 4937
304 335 16 44062 64945
793 794 10 10959 60272
305 336 10 55140 65757
824 825 11 57696 60079
306 337 14 71717 83924
855 856 16 16452 72096
307 338 14 50216 51280
886 887 12 39706 88257
308 339 15 29699 79252
917 918 15 76611 82607
309 340 18 45848 69975
948 949 12 47020 69131
310 341 18 19203 30642
979 980 10 60439 94708
311 342 15 25473 33198
11 12 17 2983 92200
312 343 15 6862 63215
42 43 12 42334 83377
313 344 15 38394 63193
73 74 20 50749 99845
314 345 20 30336 79315
104 105 20 54938 79524
315 346 14 19194 98352
135 136 14 46566 69852
316 347 19 20119 93410
166 167 14 9008 63481
317 348 13 58086 77112
197 198 14 24196 25695
318 349 18 43062 61093
228 229 13 53517 63245
319 350 10 9544 92985
259 260 17 3751 63783
320 351 11 27073 68232
290 291 18 29751 48444
321 352 18 91206 96547
321 322 20 11449 15012
322 353 16 46281 84190
352 353 12 15286 47941
323 354 14 18164 82070
383 384 12 7944 99282
324 355 17 12275 93469
414 415 17 49474 88133
325 356 11 48420 92985
445 446 11 80865 86779
326 357 18 9932 54962
515 516 16 15160 28671
327 358 10 23360 76050
546 547 12 23324 86044
328 359 20 52609 84560
577 578 20 556 86592
329 360 15 96458 97834
608 609 14 41261 66854
330 361 16 35427 38175
639 640 12 23493 75339
331 362 15 27811 41501
670 671 14 12669 83625
332 363 17 44383 75424
701 702 14 58522 81673
333 364 14 35988 88730
732 733 15 26039 62926
334 365 10 26531 56085
763 764 20 73270 94069
335 366 18 18633 30888
794 795 12 38188 83307
336 367 13 58084 77530
825 826 13 37360 40323
337 368 13 52492 89279
856 857 13 5906 65786
338 369 16 1417 5197
887 888 20 48068 60513
339 370 13 39017 61296
918 919 13 8105 55371
340 371 10 59135 87184
949 950 11 26161 98428
341 372 14 30726 75786
980 981 16 25903 84058
342 373 17 41492 71656
12 13 10 34076 73559
343 374 13 29801 76146
43 44 15 55156 80061
344 375 20 15307 56097
74 75 16 57763 60549
345 376 18 8559 51286
105 106 12 46694 98884
346 377 12 24826 70364
136 137 11 18114 73342
347 378 14 12706 49914
167 168 15 46499 72229
348 379 16 4058 26837
198 199 14 28020 32252
349 380 15 39764 80610
229 230 14 15945 86236
350 381 19 62478 75831
260 261 10 21559 76728
351 382 15 38418 85127
291 292 18 19705 71918
352 383 18 19240 51882
322 323 17 18073 35139
353 384 17 40706 95043
353 354 18 57541 85736
354 385 15 23156 89709
384 385 14 6332 85974
355 386 10 60620 95924
415 416 12 52035 81791
356 387 14 29245 43829
446 447 17 87844 88490
357 388 17 23396 96186
516 517 11 7108 62972
358 389 18 5097 43657
547 548 13 33712 66809
359 390 14 31591 87424
578 579 20 12977 53398
360 391 20 23520 34896
609 610 16 65341 70195
361 392 17 36264 74516
640 641 10 26903 70997
362 393 19 8510 56940
671 672 18 56704 72282
363 394 16 47385 91449
702 703 10 9949 19608
364 395 18 5737 86346
733 734 15 12034 27685
365 396 19 43281 68770
764 765 11 28456 33260
366 397 19 25686 29460
795 796 16 15191 79372
367 398 14 41061 83105
826 827 16 12498 44416
368 399 13 6239 88802
857 858 18 43688 73484
369 400 14 12730 44971
888 889 12 41700 41849
370 401 17 27795 70477
919 920 10 2115 69753
371 402 11 31592 62128
950 951 17 18398 74403
372 403 10 59690 77970
981 982 14 252 25447
373 404 12 21959 60496
13 14 12 41442 41921
374 405 10 46485 71383
44 45 13 60237 97653
375 406 17 62863 95742
75 76 14 2099 27656
376 407 17 16602 50987
106 107 12 80817 96369
377 408 15 49913 51722
137 138 12 67888 92030
378 409 19 83762 96684
168 169 10 20358 35132
379 410 16 31224 44752
199 200 14 42508 75812
380 411 11 54170 80576
230 231 19 4509 9219
381 412 13 8252 25111
261 262 10 23166 98819
382 413 12 39283 56132
292 293 16 1327 34390
383 414 20 63607 88365
323 324 14 55408 81367
384 415 13 1986 75392
354 355 13 6712 12109
385 416 12 25687 46978
385 386 10 65724 85642
386 417 17 7826 76961
416 417 10 33704 91312
387 418 11 40956 56424
447 448 12 43115 86863
388 419 19 19709 23873
517 518 20 27462 93045
389 420 13 65569 74337
548 549 18 22808 52085
390 421 18 33244 47674
579 580 20 54467 85496
391 422 14 372 10906
610 611 20 26728 67087
392 423 19 20770 59984
641 642 20 55858 93120
393 424 13 41557 95179
672 673 14 62438 94994
394 425 15 234 17918
703 704 11 7114 67160
395 426 16 23241 56368
734 735 13 11967 90769
396 427 11 35250 66857
765 766 16 1816 19674
397 428 14 18650 76613
796 797 19 50574 83450
398 429 12 10010 34652
827 828 19 31088 39357
399 430 10 12940 94922
858 859 20 45413 76319
400 431 15 57705 77140
889 890 14 9532 73849
401 432 15 7966 13702
920 921 12 36620 51121
402 433 17 55532 66666
951 952 15 42946 50480
403 434 11 18433 86764
982 983 15 27288 76966
404 435 12 79041 90943
14 15 17 56961 77668
405 436 20 26433 72760
45 46 14 62247 97968
406 437 15 34799 84417
76 77 12 34562 98158
407 438 12 20672 94246
107 108 14 58957 92604
408 439 17 76535 88558
138 139 13 13141 66104
409 440 14 33020 94463
169 170 20 12173 37820
410 441 17 50408 99475
200 201 17 29005 81198
411 442 17 87157 93539
231 232 13 80243 86331
412 443 20 27328 95951
262 263 12 34135 59236
413 444 20 15338 81082
293 294 10 21258 78029
414 445 17 31134 69507
324 325 20 39240 42260
415 446 11 48452 74608
355 356 11 28899 53848
416 447 12 82370 94477
386 387 17 46055 76396
417 448 18 96106 98921
417 418 13 13197 99639
418 449 20 27503 30825
448 449 13 26484 85719
419 450 19 70784 94760
518 519 15 88224 93185
420 451 18 4322 11717
549 550 13 31140 89871
421 452 17 29312 69351
580 581 14 70742 84290
422 453 11 56160 81937
611 612 17 40922 95546
423 454 18 83632 92978
642 643 14 35727 73737
424 455 10 72138 74247
673 674 12 62916 77970
425 456 11 12412 87891
704 705 14 6295 74935
426 457 20 57738 95340
735 736 17 17546 64950
427 497 12 12732 50524
766 767 14 5510 92874
428 498 16 31811 60581
797 798 13 11980 62561
429 499 15 16416 29704
828 829 13 70755 97389
430 500 11 16574 36755
859 860 12 22449 82441
431 501 11 23946 77704
890 891 13 30335 36588
432 502 10 33854 96750
921 922 15 26282 42824
433 503 12 8725 65427
952 953 13 5045 59722
434 504 19 31767 61804
983 984 10 8536 96777
435 505 11 13832 47415
15 16 13 28841 70201
436 506 19 30727 92694
46 47 11 60242 63176
437 507 17 61738 74013
77 78 16 24364 74133
438 508 17 25668 30973
108 109 18 30240 48280
439 509 12 80982 97513
139 140 10 23547 38854
440 510 11 18416 80445
170 171 19 32353 64104
441 511 12 7669 29145
201 202 12 89986 95049
442 512 17 6905 7970
232 233 20 2128 64539
443 513 10 37961 81954
263 264 20 15131 70188
444 514 19 29900 68685
294 295 11 23644 48299
445 515 16 38118 73098
325 326 11 41816 64162
446 516 20 15298 43554
356 357 10 43883 89473
447 517 16 26171 43944
387 388 10 43907 84456
448 518 10 40020 62812
418 419 11 76624 85394
449 519 13 61232 74160
449 450 18 5903 17203
450 520 12 50500 64086
519 520 14 81324 96558
451 521 18 67951 70244
550 551 10 3291 67027
452 522 15 19186 81450
581 582 17 67888 80695
453 523 18 1997 28487
612 613 15 16053 66227
454 524 12 11778 50692
643 644 16 22112 35629
455 525 14 66413 93331
674 675 19 12681 63853
456 526 13 7492 46770
705 706 13 15211 21916
457 527 13 2898 98405
736 737 11 51326 74180
497 528 18 21850 99085
767 768 20 5698 45689
498 529 18 86749 98052
798 799 11 89653 96615
499 530 15 12928 17617
829 830 15 30510 50286
500 531 13 15170 52033
860 861 20 36835 47063
501 532 18 4409 72763
891 892 15 7551 50130
502 533 11 10132 61636
922 923 17 78519 86886
503 534 13 54749 84224
953 954 12 62548 89972
504 535 20 48582 80746
984 985 18 13313 13932
505 536 14 58201 61924
16 17 15 83608 90412
506 537 16 17961 28608
47 48 12 44082 80389
507 538 13 20073 90105
78 79 15 29804 74528
508 539 15 17186 94199
109 110 11 4733 75608
509 540 14 18583 52463
140 141 13 76217 97494
510 541 16 20714 45526
171 172 19 50487 80107
511 542 13 80168 83832
202 203 12 22896 36793
512 543 15 27966 84662
233 234 12 18632 53565
513 544 15 21110 48468
264 265 16 20223 34253
514 545 19 14516 99095
295 296 14 15619 18340
515 546 15 18777 78744
326 327 11 1718 65239
516 547 11 11440 82187
357 358 12 61405 89368
517 548 16 29146 47153
388 389 14 18569 19608
518 549 13 86158 97825
419 420 19 32415 81874
519 550 14 26337 94391
450 451 14 42376 64171
520 551 10 51117 75295
520 521 11 890 16521
521 552 15 42118 52564
551 552 11 64061 88978
522 553 18 48230 93789
582 583 15 5211 82138
523 554 16 9385 71676
613 614 16 40080 89307
524 555 14 75021 83079
644 645 20 31689 57879
525 556 12 11586 67550
675 676 13 7840 98052
526 557 20 5641 86536
706 707 18 93072 93774
527 558 16 36694 54728
737 738 14 25116 96946
528 559 11 9040 59056
768 769 11 5972 86168
529 560 19 63444 96550
799 800 16 37481 72166
530 561 17 43512 72846
830 831 18 10295 13460
531 562 11 35578 96600
861 862 15 26057 76330
532 563 17 27823 98968
892 893 16 13626 38483
533 564 11 59365 63639
923 924 15 1577 43208
534 565 20 29972 36403
954 955 14 15632 55016
535 566 14 60146 71288
985 986 17 30415 98039
536 567 14 79608 99628
17 18 16 34477 49957
537 568 14 64714 72565
48 49 15 23169 41537
538 569 16 48234 59590
79 80 18 2757 46609
539 570 11 65935 78397
110 111 10 51761 62822
540 571 18 4728 55619
141 142 19 31975 41857
541 572 19 30409 96335
172 173 11 23974 66892
542 573 15 18274 57445
203 204 12 59109 94406
543 574 12 21689 30493
234 235 15 81009 82279
544 575 19 28504 68206
265 266 14 18308 20999
545 576 12 82024 95475
296 297 16 56753 83422
546 577 11 87034 96437
327 328 11 15275 20425
547 578 10 16013 43586
358 359 20 65133 82236
548 579 14 36782 77210
389 390 12 10825 73765
549 580 17 28906 86445
420 421 20 41459 51883
550 581 10 36828 59433
451 452 15 25787 46485
551 582 10 47959 62539
521 522 14 71060 90283
552 583 10 29991 53332
552 553 10 41032 57981
553 584 17 728 21281
583 584 17 65643 85807
554 585 19 70719 85614
614 615 10 30866 74185
555 586 10 17159 41130
645 646 11 5851 93476
556 587 16 1264 94699
676 677 10 31151 42733
557 588 12 41476 44051
707 708 20 3885 85670
558 589 17 23237 28337
738 739 20 53673 73572
559 590 19 40874 99623
769 770 11 4138 53967
560 591 18 17574 34120
800 801 18 18887 19376
561 592 17 42590 85224
831 832 18 15196 73972
562 593 11 45502 96585
862 863 11 19069 25329
563 594 11 27329 31025
893 894 12 21843 95354
564 595 12 1035 42647
924 925 10 18190 75602
565 596 16 26824 73885
955 956 13 21925 81163
566 597 15 56452 95869
986 987 16 4834 93706
567 598 13 14968 99143
18 19 20 48043 93456
568 599 15 48024 84124
49 50 11 72529 99378
569 600 12 4458 53432
80 81 11 24568 58182
570 601 19 23923 94960
111 112 17 5640 57270
571 602 11 43046 64329
142 143 18 11958 52172
572 603 11 56008 58042
173 174 12 30372 66302
573 604 10 20007 59555
204 205 18 8963 23930
574 605 19 17844 39808
235 236 10 57977 66000
575 606 20 18110 65889
266 267 12 77998 98261
576 607 10 53521 87807
297 298 19 93319 99176
577 608 15 79179 86018
328 329 13 57165 90236
578 609 20 65125 97155
359 360 20 330 12601
579 610 20 14439 66275
390 391 19 10894 78176
580 611 17 41066 90880
421 422 10 67840 74149
581 612 14 21799 26656
452 453 13 56481 97730
582 613 10 15350 50480
522 523 14 81764 88094
583 614 20 42839 47829
553 554 19 48881 78609
584 615 17 6949 20522
584 585 16 34631 68907
585 616 16 14991 90658
615 616 15 73086 88445
586 617 16 6139 94352
646 647 11 56149 72703
587 618 14 5372 53741
677 678 18 45700 88484
588 619 11 65082 80091
708 709 10 12053 95541
589 620 14 3135 31899
739 740 16 67969 74208
590 621 12 21274 36896
770 771 15 43330 66443
591 622 18 6052 52113
801 802 19 42021 52973
592 623 15 20223 43400
832 833 13 47985 75420
593 624 19 49128 75117
863 864 12 24218 49582
594 625 17 66466 77518
894 895 17 10307 54964
595 626 20 52591 88107
925 926 10 41590 42055
596 627 19 67742 98915
956 957 10 37518 92441
597 628 12 36828 95754
987 988 20 27470 51114
598 629 12 7094 25567
19 20 20 1067 49118
599 630 12 16311 36009
50 51 16 37637 57108
600 631 12 5500 45457
81 82 18 22484 35656
601 632 13 11132 19155
112 113 14 18732 87372
602 633 16 12228 68637
143 144 17 6081 13374
603 634 18 16689 65568
174 175 16 21227 48847
604 635 13 49297 72041
205 206 20 62831 68782
605 636 13 12659 59889
236 237 13 316 87581
606 637 14 14453 66443
267 268 11 12653 95641
607 638 17 58714 68782
298 299 10 4727 40566
608 639 10 8184 93206
329 330 19 30899 53185
609 640 16 6553 96171
360 361 17 47242 70280
610 641 16 6762 19978
391 392 12 18587 19014
611 642 12 41025 88674
422 423 16 30309 62741
612 643 13 30983 58478
453 454 10 42290 84413
613 644 11 43486 62734
523 524 19 10055 87360
614 645 13 74052 90482
554 555 19 32291 52732
615 646 14 21519 70180
585 586 12 12801 40712
616 647 10 30998 77101
616 617 14 47945 88556
617 648 15 73405 93935
647 648 16 55852 86508
618 649 14 9745 25815
678 679 15 42592 85510
619 650 12 17430 94785
709 710 12 3297 85168
620 651 19 73820 96053
740 741 19 95251 96119
621 652 12 33399 45741
771 772 12 23178 82367
622 653 15 12361 97475
802 803 11 70672 77883
623 654 16 13984 91618
833 834 15 44650 74362
624 655 18 80432 87814
864 865 15 74914 90344
625 656 14 66438 90531
895 896 16 22239 78372
626 657 14 7345 18337
926 927 13 23884 99171
627 658 20 41544 74635
957 958 15 77728 96639
628 659 10 52417 52880
988 989 17 4231 44317
629 660 12 77249 94091
20 21 12 86669 88791
630 661 17 2592 99383
51 52 18 19443 75891
631 662 12 18540 64777
82 83 13 50532 99011
632 663 12 47497 80539
113 114 10 86503 90023
633 664 13 20550 53838
144 145 11 43706 66933
634 665 12 49093 50208
175 176 13 44889 78393
635 666 16 1030 37390
206 207 18 5881 75057
636 667 10 11641 39631
237 238 10 38772 90530
637 668 20 69478 85208
268 269 18 36116 81208
638 669 14 4910 81330
299 300 13 45144 76994
639 670 15 32373 37512
330 331 11 18857 23272
640 671 16 20204 44365
361 362 19 53723 80529
641 672 13 21855 91445
392 393 18 16045 73402
642 673 12 41183 92888
423 424 13 12107 63693
643 674 16 9025 24682
454 455 14 39953 53822
644 675 11 32129 72862
524 525 20 50137 51058
645 676 10 42956 44329
555 556 10 52674 71600
646 677 16 6612 66829
586 587 18 30225 41240
647 678 20 7422 25450
617 618 12 26635 80790
648 679 12 66982 75714
648 649 19 14304 89690
649 680 20 48859 70468
679 680 17 6772 76837
650 681 20 35156 79075
710 711 15 20785 59217
651 682 20 20563 32157
741 742 16 15600 41435
652 683 15 26077 96478
772 773 16 29287 37956
653 684 14 53609 92701
803 804 15 22324 90491
654 685 17 84940 93708
834 835 14 13503 30300
655 686 11 26283 72879
865 866 11 14771 63770
656 687 14 20282 61710
896 897 19 1735 11776
657 688 14 9727 37344
927 928 12 15432 23596
658 689 12 26476 31327
958 959 20 94472 98257
659 690 17 44508 60707
989 990 10 42429 99860
660 691 15 35384 58816
21 22 12 15884 62236
661 692 17 7152 65307
52 53 16 15672 92147
662 693 11 9459 14589
83 84 18 72544 95232
663 694 12 61978 91557
114 115 17 65723 85441
664 695 15 34346 60299
145 146 12 25479 43893
665 696 11 35667 85729
176 177 18 3278 50237
666 697 10 36681 93346
207 208 18 40775 66116
667 698 20 72521 83599
238 239 14 58796 85609
668 699 16 42846 65501
269 270 14 29409 61006
669 700 10 28845 98530
300 301 15 49927 65398
670 701 10 47362 84204
331 332 13 53860 79878
671 702 17 37309 79561
362 363 12 2984 97242
672 703 18 15553 17199
393 394 19 54680 90331
673 704 18 52319 75250
424 425 10 7909 93454
674 705 19 7172 40594
455 456 13 13405 37672
675 706 14 40673 96307
525 526 17 46003 71721
676 707 11 61924 81808
556 557 14 62528 79461
677 708 17 40289 92220
587 588 13 6111 27177
678 709 12 45324 88178
618 619 10 32370 97388
679 710 20 14659 99201
649 650 17 44331 95189
680 711 14 48079 83458
680 681 19 3121 44005
681 712 13 5980 94197
711 712 17 63095 88423
682 713 19 64841 91445
742 743 15 48572 59672
683 714 14 48679 94813
773 774 10 46170 47035
684 715 19 59414 68862
804 805 16 71195 92442
685 716 13 55785 75458
835 836 11 18723 52188
686 717 16 15801 57233
866 867 14 35395 69194
687 718 11 38222 54512
897 898 18 54532 88613
688 719 15 28306 57040
928 929 17 5664 36847
689 720 18 33885 46815
959 960 17 53913 94404
690 721 19 17038 70806
990 991 13 44444 82154
691 722 18 83812 87290
22 23 10 11442 39643
692 723 14 16988 45364
53 54 16 35385 48445
693 724 10 16540 95730
84 85 11 67036 91280
694 725 10 36090 89116
115 116 15 20520 75400
695 726 11 37489 66689
146 147 15 55348 78680
696 727 19 62154 90468
177 178 17 12078 33569
697 728 19 37393 59914
208 209 13 26492 96924
698 729 11 49535 75418
239 240 10 4066 60761
699 730 12 12878 68801
270 271 13 7785 91967
700 731 14 36636 64710
301 302 16 26129 78487
701 732 14 4137 17109
332 333 12 82857 82928
702 733 17 1731 59089
363 364 11 5011 29489
703 734 10 62243 99052
394 395 17 34671 74545
704 735 14 16669 87754
425 426 10 45009 52178
705 736 17 65910 67902
456 457 12 19375 37079
706 737 15 93356 99791
526 527 18 17307 77961
707 738 16 37542 45119
557 558 20 25018 47737
708 739 13 63651 96295
588 589 17 28024 48365
709 740 15 42591 83359
619 620 19 10261 31781
710 741 17 57234 80592
650 651 11 92824 99132
711 742 15 9921 53249
681 682 12 72980 78377
712 743 20 12897 66325
712 713 12 65704 94853
713 744 16 23886 56749
743 744 11 67392 75106
714 745 19 1486 50421
774 775 10 72884 97905
715 746 16 11888 16832
805 806 16 58193 98870
716 747 17 22811 56660
836 837 11 73684 78090
717 748 11 17172 55885
867 868 15 14751 55487
718 749 11 43974 51763
898 899 10 28425 84483
719 750 13 7097 12753
929 930 13 17223 44099
720 751 12 55950 91811
960 961 18 19409 42322
721 752 16 41591 66309
991 992 11 17329 82579
722 753 19 80500 83634
23 24 13 19953 28676
723 754 14 16247 71452
54 55 20 17170 34015
724 755 18 67235 92271
85 86 19 7418 32436
725 756 12 14532 31498
116 117 12 6193 7939
726 757 12 45562 86931
147 148 10 77532 91084
727 758 20 1678 23697
178 179 15 1860 86193
728 759 11 13835 18974
209 210 14 58077 71281
729 760 20 22032 55389
240 241 18 83587 99502
730 761 12 47788 70208
271 272 12 65192 71371
731 762 13 55712 71742
302 303 20 19451 54466
732 763 11 69074 99837
333 334 20 62203 68823
733 764 16 2319 42076
364 365 14 69576 83376
734 765 17 10302 85189
395 396 14 11159 62324
735 766 18 10657 19446
426 427 17 11318 51069
736 767 14 58635 62660
457 497 17 79617 97425
737 768 10 20429 72111
527 528 16 35676 65222
738 769 17 26786 44660
558 559 14 33503 42537
739 770 14 1852 13721
589 590 10 29116 62262
740 771 10 49096 68598
620 621 13 4403 22153
741 772 10 2811 45354
651 652 16 5315 25366
742 773 11 71091 86906
682 683 19 17825 82066
743 774 15 20086 51891
713 714 18 11562 34306
744 775 12 27693 54834
744 745 12 6628 97620
745 776 12 53743 76852
775 776 19 23809 67901
746 777 20 67883 82093
806 807 14 20710 51661
747 778 16 7043 95607
837 838 14 80528 95504
748 779 19 14410 18890
868 869 15 40867 99056
749 780 16 648 99237
899 900 12 42040 91046
750 781 18 57673 70209
930 931 18 48946 65265
751 782 12 1623 36900
961 962 10 45156 89068
752 783 16 28306 83936
992 993 17 26930 33214
753 784 10 8442 83611
24 25 15 3512 9657
754 785 15 73575 99407
55 56 10 2638 89250
755 786 18 23840 73065
86 87 19 26354 98384
756 787 15 9519 19087
117 118 14 43901 72782
757 788 11 28039 69063
148 149 17 13433 35498
758 789 14 3265 39281
179 180 16 34099 34595
759 790 17 36835 89071
210 211 10 16479 75010
760 791 20 81793 84621
241 242 19 23870 29359
761 792 19 31946 87135
272 273 15 81722 98331
762 793 17 62285 78451
303 304 15 53903 93480
763 794 20 78618 87683
334 335 14 20319 89429
764 795 15 12017 47787
365 366 12 55220 62946
765 796 17 9204 72836
396 397 14 3154 57866
766 797 16 20533 35021
427 428 10 34947 57503
767 798 11 40525 56613
497 498 18 37906 73545
768 799 14 18035 66531
528 529 13 5722 99191
769 800 16 3507 19267
559 560 15 1461 53779
770 801 13 32616 56193
590 591 15 70351 90551
771 802 10 6496 10743
621 622 14 14553 66127
772 803 15 29101 57828
652 653 12 8253 51534
773 804 20 7020 67897
683 684 11 35389 91367
774 805 20 16684 85783
714 715 19 21006 24052
775 806 18 65474 93329
745 746 12 34421 58811
776 807 18 14032 44773
776 777 14 23108 86845
777 808 14 45487 71750
807 808 18 10295 89588
778 809 10 13153 81595
838 839 16 24075 41431
779 810 18 1606 51165
869 870 11 50030 93510
780 811 16 37727 44707
900 901 12 28766 95114
781 812 12 24190 80808
931 932 15 23366 94709
782 813 12 27197 31997
962 963 12 18296 57922
783 814 16 16923 89667
993 994 16 30015 39067
784 815 13 51255 84402
25 26 17 48124 60287
785 816 15 21608 83462
56 57 11 45763 96998
786 817 14 10351 84808
87 88 13 5910 63876
787 818 19 14837 94628
118 119 19 60280 94458
788 819 10 13208 77739
149 150 10 12206 82519
789 820 18 2209 64967
180 181 16 15534 20104
790 821 18 72930 91226
211 212 13 52924 57681
791 822 19 71839 72642
242 243 17 11276 89656
792 823 20 9657 34328
273 274 18 65782 73858
793 824 20 40062 90161
304 305 16 49700 81182
794 825 14 16096 60544
335 336 20 31121 67434
795 826 12 7199 39960
366 367 16 26490 48616
796 827 20 80272 97185
397 398 13 17124 61710
797 828 18 40421 59955
428 429 18 72569 99927
798 829 17 26477 39896
498 499 17 50358 98033
799 830 17 38744 90859
529 530 18 45627 92699
800 831 19 4813 42108
560 561 17 67693 87134
801 832 13 29113 78390
591 592 10 29959 55928
802 833 11 37752 54888
622 623 20 13932 81132
803 834 20 24960 30553
653 654 10 31388 50646
804 835 20 25731 64233
684 685 16 62186 87759
805 836 10 36922 92145
715 716 15 40554 98957
806 837 19 67140 68858
746 747 20 61857 74844
807 838 13 65501 94175
777 778 17 77689 86117
808 839 11 39010 76689
808 809 20 5606 79193
809 840 15 29125 79500
839 840 17 48636 56026
810 841 14 24880 96069
870 871 20 47671 60816
811 842 20 34251 60115
901 902 14 14193 73841
812 843 19 46529 50137
932 933 11 53966 80305
813 844 10 56025 74801
963 964 10 10705 20279
814 845 13 10845 43787
994 995 12 4702 53735
815 846 19 31199 60556
26 27 19 28059 55644
816 847 15 32841 34707
57 58 11 71593 72613
817 848 12 27668 46278
88 89 18 9238 43489
818 849 10 72830 77424
119 120 14 23685 87049
819 850 11 2165 40710
150 151 10 66369 97300
820 851 17 2259 42813
181 182 11 34451 90888
821 852 20 35556 54165
212 213 12 10482 92382
822 853 13 35658 38305
243 244 18 45057 93809
823 854 16 41130 74278
274 275 18 37923 53103
824 855 13 57031 64987
305 306 19 50666 99521
825 856 12 46664 98624
336 337 12 39980 41247
826 857 16 23619 82502
367 368 18 40855 74728
827 858 11 32986 36361
398 399 17 23531 66696
828 859 12 7666 81479
429 430 19 43713 84019
829 860 20 41425 62550
499 500 19 59679 82082
830 861 13 22987 65676
530 531 13 5336 56384
831 862 11 33754 49274
561 562 14 92190 95411
832 863 17 71866 95380
592 593 16 10632 82076
833 864 14 47561 97563
623 624 13 45858 78044
834 865 16 66507 95401
654 655 10 18620 87837
835 866 15 16165 21236
685 686 13 43374 96897
836 867 14 42583 48127
716 717 18 60881 63753
837 868 12 43421 64274
747 748 12 51064 62072
838 869 18 7288 62464
778 779 20 80061 98911
839 870 10 9345 96130
809 810 15 24397 96448
840 871 10 54104 94401
840 841 20 47926 61041
841 872 20 16721 71548
871 872 10 46536 62861
842 873 15 4018 10384
902 903 10 47901 82206
843 874 13 20087 25718
933 934 20 52381 95397
844 875 18 26318 89656
964 965 15 4208 59493
845 876 16 32111 45805
995 996 16 131 22652
846 877 16 80933 87486
27 28 18 3044 16672
847 878 14 14434 49668
58 59 17 27575 61959
848 879 20 28828 94372
89 90 16 17424 67209
849 880 18 81079 88431
120 121 20 13719 46693
850 881 13 3914 88594
151 152 15 36303 78538
851 882 18 18140 21412
182 183 17 39187 99867
852 883 13 14357 65597
213 214 19 42365 80182
853 884 16 44698 47211
244 245 19 74099 95290
854 885 11 25463 56943
275 276 11 15206 82215
855 886 15 74608 93340
306 307 13 15358 90444
856 887 19 18741 89603
337 338 10 49511 87468
857 888 20 36672 87909
368 369 18 8786 84803
858 889 17 12228 39640
399 400 20 18670 52108
859 890 13 73688 92864
430 431 19 11384 55474
860 891 15 24279 51161
500 501 20 3636 46736
861 892 11 35369 63387
531 532 16 37350 83670
862 893 18 30116 70892
562 563 20 35722 50162
863 894 14 62999 81177
593 594 13 13527 71657
864 895 12 15408 92781
624 625 12 12331 74302
865 896 18 39380 68677
655 656 19 47650 62649
866 897 19 43661 83624
686 687 11 479 47337
867 898 17 7850 44993
717 718 18 18486 58077
868 899 12 35660 78342
748 749 11 29276 79618
869 900 10 25764 59861
779 780 16 51794 77628
870 901 16 70280 93605
810 811 16 60980 94022
871 902 20 25363 63938
841 842 13 60940 78047
872 903 18 9507 88459
872 873 15 50307 64442
873 904 16 59895 80525
903 904 14 68047 94047
874 905 10 35794 43524
934 935 13 3083 64425
875 906 11 3597 43181
965 966 16 29628 56771
876 907 20 14926 54285
996 997 10 7643 29784
877 908 20 8390 29842
28 29 16 8910 81370
878 909 11 62633 87578
59 60 20 10940 14193
879 910 14 98495 99513
90 91 15 134 95139
880 911 10 53317 99958
121 122 20 8433 84397
881 912 19 40767 52170
152 153 12 7119 13559
882 913 11 44227 79612
183 184 16 19726 82338
883 914 20 29180 93926
214 215 14 23512 27644
884 915 18 45200 70271
245 246 16 35290 36761
885 916 18 40372 70941
276 277 19 2387 16366
886 917 11 36254 57743
307 308 17 71467 98718
887 918 14 12399 19619
338 339 17 13260 55089
888 919 15 6926 22227
369 370 19 9190 96293
889 920 11 51727 55246
400 401 18 30258 46766
890 921 10 80032 91335
431 432 20 68915 93703
891 922 19 22049 52573
501 502 14 87823 96403
892 923 15 4771 42534
532 533 18 4889 28710
893 924 20 15973 91600
563 564 16 17649 43253
894 925 11 15553 68275
594 595 15 71236 97368
895 926 14 16386 54361
625 626 18 9774 11572
896 927 10 42538 84427
656 657 14 976 95933
897 928 11 2200 99327
687 688 17 1096 67348
898 929 12 10102 39888
718 719 19 24839 68242
899 930 20 43779 77882
749 750 15 5584 17657
900 931 12 64328 97946
780 781 15 19470 76637
901 932 14 2686 87486
811 812 12 23022 92926
902 933 16 15434 35070
842 843 12 47166 56590
903 934 18 5398 12415
873 874 20 17631 35374
904 935 18 88097 96026
904 905 18 33380 83655
905 936 16 21538 28659
935 936 19 24552 54839
906 937 13 66480 98732
966 967 15 35377 58876
907 938 20 49345 78082
997 998 14 15685 41594
908 939 15 31307 91938
29 30 16 46496 69251
909 940 19 28894 87741
60 61 20 41204 81878
910 941 20 34844 47027
91 92 16 62872 96664
911 942 15 24217 38205
122 123 17 29060 98643
912 943 13 12375 87771
153 154 18 4548 73882
913 944 20 59565 80283
184 185 13 37151 94990
914 945 19 22281 36738
215 216 14 71877 75726
915 946 19 31251 45026
246 247 16 33466 35542
916 947 11 4501 27128
277 278 10 65955 73462
917 948 11 56121 97890
308 309 11 78983 84470
918 949 11 88932 95411
339 340 20 69652 93708
919 950 18 59399 85539
370 371 13 10917 72584
920 951 16 35561 70888
401 402 12 38922 89947
921 952 19 9607 41847
432 433 17 44421 87031
922 953 14 9651 79986
502 503 15 59428 96131
923 954 17 20000 41257
533 534 12 19351 45482
924 955 13 90616 97327
564 565 10 57418 64551
925 956 17 27401 82176
595 596 13 29021 48750
926 957 12 6856 12926
626 627 19 11686 32351
927 958 12 15364 65603
657 658 16 54456 64039
928 959 17 17646 81805
688 689 18 5529 87364
929 960 20 89991 97062
719 720 18 1774 21134
930 961 11 46432 77758
750 751 19 2150 90766
931 962 20 24790 40016
781 782 15 61065 63796
932 963 15 51192 62108
812 813 18 8351 34173
933 964 16 47079 94807
843 844 19 11334 55832
934 965 10 5628 38000
874 875 16 29761 85526
935 966 19 77024 90490
905 906 11 76640 81792
936 967 10 9188 39351
936 937 13 68509 90623
937 968 11 61760 63838
967 968 14 22290 27207
938 969 13 20508 23904
998 999 15 7450 96092
939 970 13 49566 53871
30 31 10 2232 26818
940 971 19 42093 68996
61 62 10 38472 54225
941 972 10 18611 81518
92 93 11 35827 65012
942 973 16 4134 14967
123 124 10 41677 98073
943 974 16 383 41179
154 155 14 13168 66603
944 975 20 83170 91069
185 186 14 68121 69217
945 976 18 46536 57000
216 217 20 46186 95052
946 977 13 30155 30285
247 248 15 67246 69020
947 978 15 76648 85480
278 279 12 61579 83228
948 979 11 42895 54834
309 310 12 79885 83563
949 980 12 46811 99404
340 341 17 19972 34723
950 981 11 50726 57395
371 372 17 81799 86570
951 982 20 20269 46854
402 403 11 80161 97271
952 983 17 15053 55153
433 434 20 31905 86668
953 984 16 89647 93710
503 504 15 6444 71115
954 985 16 1730 68984
534 535 11 18056 82266
955 986 17 77606 95283
565 566 15 23943 70965
956 987 17 6887 16083
596 597 14 3145 23237
957 988 19 4412 58918
627 628 19 40655 89458
958 989 14 27556 51063
658 659 19 10229 51273
959 990 19 16479 83786
689 690 12 944 28011
960 991 12 83834 89579
720 721 16 44296 98182
961 992 20 233 69929
751 752 15 43403 68394
962 993 17 29016 72035
782 783 13 51613 58964
963 994 20 55454 65449
813 814 11 3362 39068
964 995 14 51426 96178
844 845 15 20247 83238
965 996 11 12303 85110
875 876 19 5805 71452
966 997 16 69405 80744
906 907 19 30827 37250
967 998 16 23506 96751
937 938 11 11754 49815
968 999 13 21813 66312
968 969 18 38305 41008
969 1000 12 25147 86603
999 1000 18 91558 94171
318 458 13 19885 31701
309 459 13 7616 12770
460 620 10 76150 96135
461 756 12 53440 56427
429 462 12 33290 34949
463 949 13 55221 72647
464 940 16 57177 89672
465 881 18 48972 49395
466 736 15 15772 69317
55 467 10 60250 78385
65 468 13 39683 70684
112 469 20 67032 80171
74 470 13 83270 85481
134 471 14 18280 50182
427 472 14 59367 73493
209 473 14 30159 82763
214 474 16 69951 99278
475 516 15 44500 71110
476 526 17 37359 52643
477 950 16 22620 97403
369 478 19 30990 57466
479 982 15 29073 74260
292 480 10 67170 73290
481 949 13 18670 70060
482 710 11 18609 47050
122 483 18 2704 87380
484 775 17 11607 18295
347 485 17 32821 61323
486 665 13 37891 48336
175 487 16 19539 79896
308 488 17 64370 86869
489 736 13 15153 54034
225 490 18 73475 89191
345 491 15 18873 38573
189 492 14 61287 78891
493 543 10 9500 55754
380 494 19 55728 80426
495 985 10 383 89854
174 496 10 10197 20059
91 126 19 45374 85316
679 877 18 19334 97559
625 928 20 42148 59346
267 574 11 51537 54506
212 459 14 33678 68911
549 973 13 5495 17192
341 648 20 14325 84476
28 807 10 48891 54954
416 723 18 14484 25682
463 991 16 39744 89146
241 615 16 10731 84971
364 387 13 14642 24439
18 461 17 6835 12766
161 700 17 28642 93213
149 299 11 46606 73110
80 844 11 19318 60717
185 770 15 88553 90604
320 784 17 8010 90940
278 345 17 1807 81006
184 345 10 27677 87417
39 203 18 8145 12459
163 975 20 20907 44786
343 596 20 51726 89627
357 918 16 46061 89496
557 940 14 2093 7620
632 935 13 7454 17618
125 692 11 77600 95195
70 170 20 2666 94130
417 519 13 24386 79847
223 636 17 44007 47846
344 569 17 49519 70469
196 936 16 35623 95813
11 281 17 72988 75155
685 923 12 97206 99009
471 721 17 6578 86114
55 452 11 27581 93035
103 929 10 4413 78320
799 849 14 14865 92637
210 671 17 22017 67577
83 921 17 804 14647
378 385 11 78183 92171
369 656 11 848 52996
310 523 17 61632 86565
352 900 12 19293 41198
430 704 15 2845 96563
510 988 10 745 44480
219 684 20 85188 85528
53 590 10 157 50921
487 834 19 14773 29508
214 516 14 94178 99787
379 622 18 1042 83310
361 890 12 1809 92190
169 738 11 60326 67063
334 460 17 52359 73739
29 92 10 33793 68855
650 661 12 79330 94718
155 673 20 22620 76694
456 473 14 5802 22629
270 733 20 35557 81083
304 635 15 7666 59727
3 795 19 8267 42907
628 719 15 13109 33361
2 542 10 12957 50959
94 969 13 48041 67707
259 822 15 18476 28507
81 751 12 57350 61003
381 925 15 68275 80126
461 708 14 60032 91676
395 985 14 27445 87140
434 628 14 18 19212
857 921 13 51041 52732
93 305 10 37058 86356
430 629 19 32157 75709
347 980 19 82248 97215
122 382 18 59325 71358
526 652 17 13750 42051
546 851 16 24652 73453
839 940 12 6213 96028
392 952 12 74472 87770
323 766 11 3752 76056
533 552 18 40485 61704
121 281 20 12758 80775
563 852 14 5628 58611
151 290 13 12838 26323
939 984 14 15219 31721
310 924 11 12489 65785
182 995 11 73910 95761
895 981 16 27857 62416
284 859 18 61489 64014
73 739 14 39884 48345
567 813 10 15208 63258
416 844 19 34429 68061
178 301 14 22908 96679
326 574 15 9267 13847
77 901 12 61856 64867
555 911 15 19588 49516
470 673 17 39035 52861
485 881 10 45633 98997
448 533 19 54286 98045
345 782 18 36700 41237
646 828 15 78778 85246
496 994 18 49345 86523
780 903 11 56609 96163
805 880 17 24697 77899
415 490 15 19993 62733
13 225 11 80248 82622
706 992 15 11334 54966
29 473 14 59195 90789
263 467 20 26692 49767
251 845 10 27084 37747
399 862 19 68424 77920
62 851 17 64229 69085
224 836 14 13571 99357
255 753 14 15440 68345
536 973 19 16665 45699
503 545 17 81681 88406
267 412 17 23083 66315
225 948 16 18403 94071
203 651 13 53151 93623
520 920 10 73993 89643
622 900 18 14395 24819
18 563 19 33880 82652
293 811 13 57343 67956
68 742 15 23460 30759
675 888 11 2948 69572
53 952 15 13846 52420
169 891 18 18259 81888
190 520 14 5832 78895
617 814 20 31960 38734
222 894 12 7514 89229
889 995 12 38640 87002
66 604 10 21482 82460
41 709 14 31310 48548
394 558 16 51975 54832
202 375 19 40616 60346
152 617 14 1640 20036
529 860 10 37572 75090
31 887 11 65331 98934
608 628 20 46548 78823
646 695 10 22061 57523
589 702 13 19587 93221
642 862 15 3895 12959
161 466 15 17155 97397
169 558 16 50743 93430
172 695 20 29581 72988
142 547 19 64299 90200
274 637 13 22350 46490
230 300 10 53602 67168
703 972 10 32709 92810
427 786 12 16505 94967
669 775 11 14885 61953
71 582 10 3945 12277
287 325 13 11482 62891
566 683 10 30082 65504
335 913 16 8456 32364
280 820 10 6125 92885
239 784 10 38440 92009
175 655 11 73901 75538
384 894 19 40076 87905
211 853 10 57806 97349
112 692 11 81507 98966
853 990 10 22165 65589
369 890 12 22590 72529
318 529 15 45110 88560
379 595 10 57367 65319
70 555 12 8908 55488
305 745 16 20286 32077
150 550 16 32855 33696
541 620 11 15964 34988
215 594 17 11596 48325
808 877 17 18313 71821
93 127 11 33235 90596
74 784 10 21657 72785
194 337 20 61130 67900
675 878 11 74153 89710
329 747 12 74573 84901
436 812 10 12407 71793
478 978 18 11815 55507
188 264 10 69015 93805
10 31 11 50247 71613
65 116 15 37860 56419
62 606 15 58403 94475
829 995 19 31047 99025
546 696 11 11512 43825
601 842 17 56351 58067
327 426 16 23519 64387
60 792 20 71750 94919
708 761 13 9814 25015
346 381 20 24888 68323
101 713 17 33921 70590
94 745 20 34394 54728
537 861 10 77639 89096
449 476 16 56939 89446
630 829 13 60924 78127
162 247 16 37406 42811
342 839 14 27311 48721
49 170 19 38647 80673
407 948 12 2976 57824
138 987 19 58148 66065
167 329 10 44024 95366
112 121 12 10640 36065
491 820 11 11905 32358
223 744 13 3889 26475
631 664 20 58587 61300
15 212 10 32189 48115
255 869 11 68442 96973
101 182 12 64210 73957
704 919 13 56094 89789
248 415 20 4025 82545
11 885 19 50244 79838
639 930 20 49316 86371
57 756 20 17365 82767
701 910 19 44796 48249
265 601 14 21016 98262
13 653 11 36221 89867
73 549 19 6189 42804
564 945 20 64903 96867
145 533 18 68784 85817
377 909 10 81864 89177
466 786 20 10346 37067
537 783 12 26868 46630
266 944 15 37627 47784
268 643 10 29460 85223
626 759 12 56116 57497
20 487 16 5589 70542
306 757 17 28486 45304
159 926 13 19206 22809
744 944 18 4719 71535
133 433 13 45470 55175
755 837 16 58793 92574
57 294 20 41301 86579
85 547 11 21662 90885
402 485 14 10831 55349
544 698 16 18129 79568
774 810 15 21900 60031
696 866 11 72130 76216
290 870 14 96246 96802
284 489 13 31246 73967
248 859 10 27391 35219
334 801 12 10100 47110
668 698 12 41191 46753
171 617 19 15455 76563
112 351 15 11073 76049
292 511 14 85752 93665
765 932 14 28767 30595
89 742 17 600 31347
73 770 11 11769 44132
41 246 11 36639 84847
647 766 20 53468 75111
475 687 15 12257 20845
763 885 20 27456 69368
202 975 11 37044 78490
87 454 11 44360 90909
381 703 15 19289 32549
33 713 13 5685 34938
235 288 20 71275 93673
99 886 18 2240 39300
731 755 10 26981 44305
95 626 12 21937 85874
14 905 10 88733 92216
521 596 10 36631 61288
536 746 18 31354 74045
172 485 19 65871 76193
45 477 16 46481 47417
476 633 18 66024 73550
245 891 19 54365 72712
5 595 11 32371 81032
237 254 10 9934 74989
456 871 13 44358 68173
97 213 16 86051 90971
343 432 20 44062 59663
85 271 12 70259 71820
478 706 13 5240 19404
48 371 10 15063 91607
137 937 18 13801 99522
298 429 11 79602 99535
632 932 13 4765 84398
649 936 10 8387 81996
524 721 10 72 12823
136 722 12 21419 75982
257 942 20 40530 93727
321 820 16 38173 98720
535 612 15 3660 4232
353 898 13 33230 88013
532 650 15 58596 73988
33 189 14 27292 51051
11 863 18 7859 13415
37 74 16 20215 98665
546 821 11 58413 74827
343 593 12 2217 25916
489 996 10 6787 48811
136 281 16 37548 45206
221 327 10 69190 88283
97 227 20 6023 91528
872 999 11 63408 78614
279 447 15 48237 82817
85 970 14 67811 70139
487 734 20 36446 60289
186 426 10 40276 85056
370 771 20 67135 87456
250 499 12 12670 66410
480 553 10 7384 29871
12 643 15 2444 30341
698 988 18 30727 73193
382 471 12 20876 40105
716 762 14 40601 84258
34 254 17 78767 98359
458 848 13 28816 66952
203 573 12 29472 90273
878 990 20 39298 50339
508 664 15 20377 34007
11 748 10 33009 96892
730 809 16 10385 70768
215 616 20 14664 39785
262 955 14 14119 62052
104 999 12 14967 46843
855 949 12 9878 10958
210 943 14 47935 91795
342 603 20 62546 89823
539 766 13 10233 46593
39 420 16 6231 92866
54 803 18 53484 88062
293 858 17 7671 47936
521 541 14 6599 49460
308 975 13 26527 40864
21 471 10 48795 75521
165 443 16 28927 38749
204 314 16 53883 61462
65 651 20 28493 93524
569 631 16 65519 90397
274 520 18 33047 80851
221 860 17 8552 62930
459 974 10 40943 60042
343 940 14 89937 92650
354 835 19 3490 4686
626 868 16 22959 65833
402 638 15 46909 50880
547 563 15 80821 93746
159 613 13 27550 84511
240 645 14 19607 38130
326 942 13 35971 68877
213 310 18 20881 52582
324 850 17 10464 34268
42 220 18 17682 35715
554 918 12 61341 75063
6 646 16 43929 67789
587 935 16 89257 92464
251 521 16 11020 89216
111 208 14 12418 54263
382 524 17 28779 60962
289 383 13 36285 80733
430 544 14 38799 73409
284 901 19 12716 29771
19 360 17 12878 81511
729 841 10 44775 69647
245 745 17 12484 12625
141 723 11 4814 92995
184 446 11 38116 86823
669 724 14 72836 95572
154 975 20 38114 83850
443 594 18 77426 96335
536 698 13 43815 49056
108 484 14 47367 72688
297 673 20 49053 65206
271 796 11 55970 91928
34 594 20 41357 81145
334 700 10 18964 98441
502 524 12 65631 82105
202 245 16 13475 93856
728 881 16 39879 69722
412 516 17 11573 98955
353 726 10 26072 63083
237 705 18 41141 73650
519 582 14 46572 90909
131 459 17 60279 94959
133 832 12 45709 77394
265 626 18 18701 29925
415 599 12 1024 41157
88 609 17 28679 38083
19 358 14 38307 55917
463 833 20 92345 94823
365 712 13 8157 9868
672 681 17 56396 72900
508 579 12 14639 38092
637 746 15 48920 61003
368 679 15 13656 25405
284 814 20 78127 83682
87 318 15 66309 98940
458 493 10 61542 93704
332 712 11 25527 53748
33 654 10 48872 76397
258 541 18 21781 82477
925 972 12 16264 18922
460 699 19 3798 86354
312 759 15 61881 97867
533 865 12 13543 65044
61 478 12 40948 93631
201 642 17 46315 61005
101 814 19 28295 65215
244 835 13 39937 85406
384 838 17 41334 42192
554 789 11 8581 60095
115 363 15 21031 81285
456 709 17 85588 96858
44 52 16 23577 57462
294 851 15 6971 11131
267 806 10 62286 87240
479 615 15 26488 75381
513 743 19 70783 97699
351 384 11 31132 51297
302 505 12 12210 74224
133 778 11 13615 21454
374 907 19 65185 83529
60 121 18 516 58852
57 844 14 23009 82687
697 854 18 20922 22794
109 366 14 8900 14241
712 994 12 8016 75712
623 829 20 27813 91563
18 503 20 43880 93729
642 685 11 10016 27987
157 945 17 10891 66013
117 278 13 41669 47025
547 588 20 48868 81960
413 580 17 6992 62302
481 842 18 4580 68969
471 904 15 445 51638
30 868 14 19041 73536
97 201 20 92800 93608
54 776 18 4670 37095
578 896 15 36642 73093
29 606 10 14570 93928
332 714 18 41211 46330
269 943 16 40333 58405
63 117 10 19008 71297
262 968 19 68380 98936
267 848 16 8356 65916
523 924 13 39069 40933
25 423 11 37324 41366
530 752 20 1070 94069
662 860 10 68679 94989
280 374 13 48588 88347
390 429 14 9764 25581
585 911 20 17425 52198
433 987 13 1951 19122
235 610 17 13604 66668
93 346 10 73509 97753
284 922 16 39161 45685
370 447 10 2154 45618
114 284 12 20191 71431
603 874 11 57509 60821
426 532 11 10574 34718
38 968 19 56103 62871
825 970 18 9976 99926
493 647 10 13041 87750
545 971 11 41578 65668
22 344 15 51233 86539
341 537 20 22086 62248
378 386 20 22044 32141
334 549 12 68976 74859
520 721 11 20822 64110
829 956 16 31802 47000
2 912 15 3424 63606
365 831 12 13112 33993
746 929 11 28479 30087
253 697 20 45552 70540
879 907 13 35392 42990
14 209 19 52141 56946
543 839 17 4112 85940
135 470 18 16140 39631
206 836 11 71817 81940
300 976 12 9823 73646
423 457 17 7815 31437
415 717 16 73756 89422
342 479 16 2293 67633
602 667 11 14154 85887
63 497 17 63641 91827
839 876 17 19781 29921
605 814 17 1845 44540
33 540 14 15161 95341
37 879 13 53285 99982
281 626 20 51513 55419
29 86 20 31614 53582
432 701 10 29844 49510
20 929 17 53821 71846
49 161 11 17315 26869
950 960 17 40956 97083
428 823 11 62790 86985
741 932 11 32908 60164
358 736 10 1496 88191
154 740 17 28906 69345
364 573 13 41862 85473
222 694 20 66775 89203
305 774 15 22484 52342
224 827 10 334 17511
568 884 17 28354 29316
160 616 16 25399 68296
192 195 18 73508 76957
362 837 18 35040 47582
21 421 17 40574 73838
411 914 11 52963 59847
502 990 14 9619 16886
67 140 14 17022 29057
650 793 14 28462 53772
117 902 14 20390 36354
773 809 20 6931 30755
342 754 16 23111 92637
63 310 16 56945 71089
193 538 14 24243 76657
56 490 12 44366 96431
160 505 16 18439 98311
4 637 15 42207 66732
162 445 19 17802 40409
270 954 16 48083 51292
146 889 17 60881 84913
744 980 13 80373 85465
36 256 19 12857 81935
451 925 12 1046 71410
716 931 16 84773 85343
95 970 19 50050 87452
469 929 15 6972 16949
663 762 20 78872 93397
915 920 10 76142 90847
24 950 10 25757 34241
433 627 15 18357 98223
105 705 11 5170 39054
459 937 19 45283 99519
199 570 16 26960 64469
56 729 14 59317 90289
258 276 15 42832 87089
87 578 20 8021 8278
316 686 10 2271 36191
108 646 18 7276 19841
727 867 19 6300 84929
56 724 19 28143 73039
413 697 17 42821 45235
311 702 15 61512 71688
173 780 13 12965 33564
302 973 20 37049 55716
33 623 19 369 82446
617 638 10 52875 60579
447 907 11 14314 72849
329 948 11 47961 52964
782 916 11 29741 93576
299 964 19 1020 45698
290 461 17 46962 90989
40 436 16 61477 86079
324 450 16 60448 80923
229 453 14 13342 46819
216 580 11 70579 90808
827 834 10 12937 94335
468 967 12 12345 75574
673 722 10 81139 96266
417 523 14 8876 41898
503 618 15 71177 76449
84 279 16 50996 67918
173 279 12 60366 74866
166 424 18 3107 66998
510 586 18 37038 86819
427 910 18 1266 46349
489 971 10 9809 59962
41 471 14 47680 90214
250 436 12 36146 52765
389 694 10 12531 59324
214 782 16 44943 54550
587 900 20 8584 42399
533 727 11 29170 86649
265 828 11 21632 81481
358 445 12 26439 37762
63 91 16 48540 81801
451 600 12 8646 66173
347 680 11 5760 88775
88 693 14 42804 56661
374 442 18 10642 97779
592 886 10 28798 84360
50 718 15 73139 91021
224 399 15 14677 44281
791 954 11 3357 50944
303 833 18 5909 63665
41 110 11 19305 51278
55 157 15 501 75273
257 876 10 23731 81424
176 543 19 13031 72327
18 718 14 661 41963
323 464 18 62797 92523
330 437 18 37912 44547
644 920 13 46450 82210
679 885 10 27834 67870
137 635 17 5974 50375
317 683 11 36873 76917
168 817 17 22081 29815
128 601 16 40892 93412
397 559 14 20956 64072
809 832 13 84628 95913
149 654 11 72814 95691
303 779 18 7269 96626
687 995 18 731 9901
340 452 19 22382 92879
797 865 18 8277 98090
268 959 12 44694 73565
397 654 11 27941 29201
72 744 18 51634 61643
444 767 13 23067 95267
743 844 13 58198 87859
1 900 19 19285 28207
291 461 11 53102 70865
220 376 18 61901 98971
113 454 14 4916 27906
600 681 14 31861 67885
180 714 15 23039 60126
307 391 20 66108 83457
395 711 17 59187 77063
51 719 20 1468 57282
631 644 13 37477 97446
66 694 16 47662 88734
804 891 12 915 82135
538 560 16 32204 45063
213 340 12 14426 81654
467 515 20 11913 32793
642 697 10 13223 36581
49 530 15 41867 93300
682 776 13 12627 48278
198 354 18 30846 53969
127 766 17 60328 65196
301 347 18 33542 35495
71 626 12 28988 82516
105 239 18 81450 96001
421 757 19 17036 29967
752 959 19 21701 60227
120 616 12 55864 62516
189 525 17 64665 70297
734 845 16 6995 26163
75 310 14 13802 28166
610 845 13 5491 91182
548 829 12 19221 95402
264 375 17 1324 28000
339 887 18 27662 37690
86 150 11 60767 92166
912 944 15 37717 56811
155 740 17 14170 18386
270 908 12 40551 68604
256 329 17 24804 45776
459 701 11 6673 77070
213 709 10 40577 93639
19 310 20 27389 98221
421 568 16 35606 96152
156 612 14 32877 76018
674 768 10 51180 75943
74 108 12 49393 65998
39 543 12 34000 47276
492 800 20 58264 90316
486 513 19 12179 89062
494 799 16 20766 37446
320 972 11 24949 52129
488 638 11 14597 22712
636 778 11 23362 77564
5 896 18 22394 36139
56 566 18 6681 58411
10 64 19 2885 22847
435 573 16 24680 61104
455 776 16 35992 71579
221 543 13 40805 91657
142 652 17 14367 74311
437 826 11 48642 79705
150 374 19 89046 89050
396 985 10 75359 84370
202 405 17 69703 90184
367 879 12 15086 44459
35 901 17 3485 93282
161 676 11 218 30286
166 797 13 29227 62066
740 882 16 20109 79519
38 483 18 13083 92310
506 587 15 53576 81237
23 353 14 13362 47553
366 789 19 49754 70700
247 686 19 7957 17707
253 970 20 34555 58174
235 451 19 11172 14926
104 725 19 80454 99070
536 614 14 42150 95068
426 733 19 48079 95019
58 310 19 28417 62233
78 380 14 90476 93698
598 874 20 11201 80590
374 812 12 2696 26245
413 772 18 21396 69266
308 929 16 30186 78873
474 727 12 12252 32407
814 992 20 28303 53243
284 703 18 6352 77288
398 475 19 42465 57088
184 334 19 47446 61258
715 891 15 3275 12541
221 459 14 1064 52169
138 206 20 10083 29167
945 949 12 33489 99436
782 802 18 94732 96342
536 883 18 29218 30150
418 605 16 9320 79932
701 943 12 11906 54588
114 518 10 37186 71785
157 675 20 66738 68684
406 477 20 29145 95106
482 809 18 8363 78273
195 688 17 88988 99918
837 877 14 12596 57833
698 958 13 1086 88517
431 799 18 3189 45082
611 621 12 3211 56701
183 531 18 26215 81605
522 771 10 29482 54660
91 921 10 36782 57434
585 916 10 17291 72029
486 771 10 11011 95092
451 457 14 14825 90864
797 916 20 30308 32401
860 958 14 40838 57761
406 665 12 43077 44430
622 691 20 74059 89539
331 799 11 43699 53633
136 541 14 61985 93182
191 272 19 58110 74573
769 843 11 48642 71464
138 669 11 22806 24486
720 765 11 57544 61650
89 802 12 7506 72861
365 791 12 26515 61629
453 684 13 16153 99280
38 73 10 74463 81303
317 728 16 7930 12092
958 973 19 53329 56495
794 815 13 46843 66849
262 332 13 742 14183
225 236 20 23715 26924
88 401 12 19421 22728
554 734 15 66246 76496
643 859 10 33580 93680
493 877 16 55918 62046
47 912 19 16363 21476
324 360 13 11847 38102
119 579 13 19980 28579
317 405 14 33496 35526
377 920 20 46717 91722
378 550 11 55673 68147
413 583 18 60581 76653
382 848 20 51168 58067
49 181 17 22355 93646
389 451 18 50793 81368
25 337 17 56711 65774
463 756 14 32657 90246
167 929 13 40751 89428
301 886 10 3816 31419
206 838 20 12897 94048
223 307 20 44487 81179
532 537 14 38532 42745
694 931 12 24281 28027
596 648 20 6371 85855
137 322 16 47453 78447
179 208 20 81531 83791
593 973 13 9051 92802
58 971 11 31758 53359
453 456 16 924 61778
62 823 17 85633 93207
205 502 17 41928 48806
737 851 15 57993 84992
323 652 19 94762 94812
442 787 12 7543 46101
599 958 19 23238 35313
215 319 17 4513 33384
296 959 19 36491 59343
19 298 14 30830 75185
208 222 11 77133 84973
713 992 17 29840 62496
338 405 16 70735 84000
475 899 13 55440 56033
80 226 19 31288 64875
359 877 16 45940 54111
38 975 12 68157 71219
24 72 16 59373 59602
148 482 12 59131 89231
385 388 18 15801 67063
15 24 11 1254 20141
321 462 10 16163 49772
420 972 10 19472 30919
487 954 20 74915 95157
155 710 10 27821 98953
480 789 14 7217 66655
683 688 19 60257 94365
37 366 19 70449 87064
313 740 16 59695 90743
487 888 12 51952 54145
100 574 11 7914 66090
237 757 19 58666 79995
633 989 16 9288 93246
350 491 16 67546 99175
386 752 15 53865 82302
149 771 13 1726 88091
657 779 16 38561 83612
296 879 12 17776 70184
160 846 19 31900 99345
65 380 20 23668 37369
327 624 18 68509 76648
498 524 17 28930 46825
367 722 19 53947 98095
637 890 10 6798 69283
665 979 13 35457 96635
633 787 20 2542 40214
234 306 20 7505 69834
383 547 10 78993 84121
143 213 18 12877 82881
45 683 15 32804 90711
278 550 11 61087 83983
851 967 11 29098 72504
63 384 17 30929 89941
468 654 17 73451 78483
72 785 12 13250 28780
145 881 17 68862 74110
484 516 18 31286 93670
379 968 19 22492 49662
202 339 14 8498 46144
150 358 20 38349 54704
713 718 20 63434 94383
604 881 12 53033 91038
663 790 13 20512 35201
538 954 17 23388 74287
116 978 17 19090 67391
421 857 15 52248 79544
257 542 15 12764 35385
225 841 13 25603 29376
191 399 12 32165 85383
606 668 12 70786 76825
309 475 13 58473 71113
385 546 20 13944 46842
92 844 17 18672 43062
861 905 19 27551 58872
227 282 10 973 29265
161 193 15 20544 58875
339 723 18 55991 95376
363 893 18 28804 64625
51 881 13 3270 31240
620 805 20 39525 55829
242 506 19 12943 69085
110 666 11 11997 92870
554 970 19 60811 81515
7 642 14 4975 41692
434 928 18 33181 52063
171 410 16 69808 88168
526 726 17 3874 6653
111 125 18 16918 39607
46 149 19 46416 60586
13 598 14 8161 33352
727 785 12 21282 52634
214 593 12 34941 79050
691 875 10 5339 26350
104 661 10 39890 60430
630 751 20 67360 84397
665 673 15 55650 86457
23 725 18 59977 88446
547 581 16 59076 68339
30 157 18 24093 92258
375 905 15 52706 85881
284 512 17 48352 63025
826 960 12 48970 89105
386 700 18 46625 93414
308 707 13 30472 32807
330 822 15 595 26551
680 981 18 25796 47836
294 818 11 33609 93851
261 820 20 64733 72518
42 505 13 26348 40743
61 520 13 4761 91183
39 521 15 23429 99609
437 910 13 51365 87802
276 554 11 29270 73620
103 677 15 92997 95758
109 524 19 27449 46740
338 988 15 37658 72327
301 303 20 55576 59189
46 892 17 13382 74063
550 855 13 2745 31078
352 866 11 15999 80024
194 489 20 23787 28650
439 995 12 46883 49313
725 760 18 33058 43614
321 892 18 46421 90265
663 968 15 15946 35941
351 691 10 31939 83050
371 801 20 50796 88888
190 197 16 30304 84416
638 877 14 37624 95867
599 655 19 24803 28791
429 544 19 42546 97184
330 486 12 9727 19982
267 845 16 77069 77704
248 572 17 9646 74764
176 828 12 38461 88904
273 496 10 6229 57927
89 798 13 70020 71365
198 835 12 41586 84901
6 52 11 35084 97421
266 724 19 10806 17336
622 998 13 61536 78527
210 978 19 7467 90026
11 723 17 64388 74102
103 364 12 33779 93656
99 619 19 6775 44432
784 868 15 6342 9835
290 780 20 54621 70166
184 319 12 21389 75077
424 638 19 29069 93951
317 925 19 43777 61571
558 723 17 79114 91052
276 376 10 61424 95556
325 377 20 43925 45265
815 876 10 66298 87229
559 747 14 28060 34707
499 936 15 40580 59025
82 212 12 14756 20623
445 763 19 7564 21563
85 398 16 20194 87296
591 597 11 10121 50865
380 382 12 68228 85159
541 941 10 55029 80473
594 674 11 29124 70244
461 778 20 51515 94967
547 920 20 19468 90020
427 825 11 53988 99334
56 510 17 59122 96683
367 661 11 44774 82967
532 538 14 86982 91428
215 442 18 22570 61573
492 789 12 63752 87046
418 432 11 9740 70647
206 869 14 24632 83924
226 540 11 39785 42159
140 175 11 69257 98681
246 753 10 222 64618
826 981 20 6709 67799
36 455 17 13689 90043
342 482 14 3782 78849
257 563 11 28743 42299
742 960 15 4740 22669
457 461 10 10855 63046
549 732 11 72409 97565
91 319 14 70476 82787
764 837 17 66549 67141
651 949 11 79149 84605
190 573 11 5702 65322
54 249 10 41714 91701
636 969 20 94255 97413
472 586 14 8951 27978
132 156 13 4886 61610
253 492 18 28984 95708
25 44 11 998 58441
500 619 19 51227 84640
439 795 17 1057 45503
249 488 13 35215 66711
219 619 17 23140 31152
307 865 14 69644 81094
397 612 10 51120 89671
37 794 15 40185 91408
6 603 20 26635 38289
3 156 15 67027 75475
375 600 16 4379 50738
306 399 10 25675 63355
384 812 17 20460 47003
35 980 13 18694 59617
432 437 15 19792 52672
184 557 16 12294 32505
299 313 12 80986 84533
328 690 18 32553 73823
411 459 17 26014 81877
666 696 11 14474 94301
622 886 15 53325 63276
402 466 16 4312 40680
529 632 19 26452 49441
340 946 19 30435 96064
519 944 12 96900 99480
891 925 17 36267 47940
642 964 12 2826 44269
515 736 11 8127 17167
109 569 16 60455 70959
141 950 11 17564 44796
926 945 20 19028 64800
294 667 15 14825 96216
34 330 19 29602 40141
68 280 19 62603 86833
131 752 14 21040 68688
716 889 16 28705 31241
230 534 12 16703 51292
298 444 16 55221 72071
255 962 11 11070 61181
281 824 16 9734 46988
114 595 13 5230 70475
294 422 12 19369 79071
54 108 17 19282 43158
219 472 17 83616 90821
333 682 19 36936 46042
52 366 13 65140 84897
372 576 19 782 73982
208 931 17 28805 37008
65 343 15 13721 87682
298 657 15 21933 31110
549 705 11 6050 37081
391 595 11 15745 84013
141 837 13 26721 35008
574 800 17 6151 86611
551 743 18 85227 85422
666 999 16 46001 90389
318 463 19 55763 75376
563 634 17 13173 98143
936 992 18 1343 99520
371 755 20 38725 51424
750 949 15 2210 76677
50 658 13 65970 86302
406 668 11 41480 47131
402 487 11 33911 81637
50 251 11 46281 80251
357 502 18 21454 80135
296 845 11 40549 51605
214 736 10 14132 96432
26 389 18 47352 87719
215 885 11 20150 63440
669 762 17 32576 50570
313 865 11 24299 57859
51 843 19 17493 65659
130 289 19 12252 99113
251 792 18 18317 73467
367 493 13 37153 90168
119 696 15 12093 55955
429 677 20 17625 60426
708 923 19 13930 70434
5 431 19 40762 41289
33 706 13 84739 85524
292 696 13 40913 93978
81 387 15 35759 70898
567 911 18 5534 18618
295 729 19 54127 65107
557 893 15 51966 98911
264 683 17 2253 57085
241 471 17 5382 57894
162 686 12 73441 82007
327 865 15 36507 57216
475 977 19 84360 93467
117 923 15 211 30671
147 275 15 13582 38828
461 500 18 62316 78741
649 975 18 67187 93264
399 479 15 63125 97102
57 497 13 5748 30977
653 662 18 44034 57147
777 997 19 43143 65858
257 344 18 46283 74467
894 897 11 21476 33262
175 465 15 57898 93235
40 867 15 75801 77215
295 823 15 46749 54091
404 470 17 52896 76764
287 601 13 12746 45988
319 732 14 21418 81747
638 911 10 19886 25437
406 564 12 52507 57419
6 66 17 6259 53186
400 934 17 34471 61342
344 739 12 1925 28449
570 983 11 13026 46328
136 181 18 52262 79928
451 819 18 52167 67885
681 734 12 2403 35820
581 653 15 59986 74324
119 375 13 1685 67278
419 900 10 22253 63305
61 282 12 30258 89961
330 428 12 40587 46291
557 603 19 44173 81836
552 652 16 29723 32276
190 946 18 76774 98135
155 188 10 37180 97994
230 616 20 29126 54457
239 684 19 3111 73771
333 575 11 44563 58805
511 622 10 26863 98223
123 782 11 14504 35872
486 586 13 11697 85354
367 394 16 48087 74614
513 702 13 34973 38404
449 900 15 29262 85925
139 606 10 30376 92538
26 224 20 72769 79370
226 911 13 33507 36159
345 646 10 56511 87780
805 851 15 11468 62569
770 877 19 25199 92504
272 527 15 59842 69405
150 498 16 58896 82996
743 803 14 43731 89716
43 731 14 3216 77244
788 859 19 10676 27639
29 658 13 65860 78765
77 602 12 42126 62283
329 879 13 47211 75537
807 811 11 60859 67406
106 809 10 335 7608
55 741 16 66704 91150
432 590 13 8214 16242
640 939 13 22452 60354
19 401 14 12376 63144
171 585 10 40204 53215
435 681 18 51201 86510
790 806 11 1503 77136
80 786 12 4899 45401
513 733 15 65165 78178
207 977 11 75059 94584
278 462 17 48699 88421
421 785 10 7310 27643
98 397 11 51021 98123
380 641 17 15324 43511
416 618 15 54994 68738
59 922 15 2146 27772
586 856 10 4039 6613
768 906 18 3896 58867
845 976 10 52213 56309
57 661 17 10587 67045
96 306 10 24149 35091
529 915 20 29252 75214
202 482 16 65017 98766
253 595 16 5740 70919
221 393 18 43441 54034
57 459 10 86574 95682
162 467 20 92158 94620
579 988 13 20422 69378
431 627 12 31089 50040
4 585 13 64068 99463
553 991 12 53906 56471
195 504 13 15100 15607
188 588 12 50344 61406
510 933 15 10817 85935
831 923 11 49369 93515
235 967 11 47948 90384
607 840 15 41116 65532
98 447 18 5608 59358
832 999 14 44144 56090
505 658 15 9278 91446
787 954 18 46964 80486
409 584 12 64059 88473
154 872 20 7156 29151
565 997 11 42672 89226
108 901 14 6789 15413
82 204 13 18313 58716
275 318 16 20670 33884
2 392 15 36940 48880
478 930 15 78876 96380
358 539 15 51913 54053
756 969 14 50847 61123
49 105 12 22867 32908
88 638 14 70045 88757
253 373 12 9329 30193
260 731 12 56707 86389
511 940 11 23731 85977
43 379 14 491 37460
231 413 13 14273 30399
945 999 13 55290 58196
616 794 14 9104 99487
396 923 14 5872 30736
217 373 17 20198 57875
476 745 11 8063 15727
593 615 18 70592 81033
59 244 13 41722 93569
162 287 12 48773 88724
41 931 12 2592 63846
362 381 15 21288 83739
580 673 18 39175 53244
152 181 14 21564 48500
158 278 13 43805 51971
265 446 14 31293 77953
209 536 12 40827 67941
256 710 15 47285 91340
767 922 16 39583 54335
165 692 10 32559 38488
296 352 16 47865 98880
725 823 12 557 9900
251 906 12 25205 59210
40 295 18 52042 56153
372 845 20 21039 95324
775 938 10 36100 64217
581 752 15 14761 67392
465 695 10 39989 73459
103 830 17 36801 46000
402 950 20 6987 85153
309 521 15 23434 63927
311 774 19 46679 62892
120 422 17 62967 65101
221 471 17 62323 83620
391 972 11 36827 75607
427 555 16 19726 81164
80 754 13 21326 75328
269 665 20 77492 81696
638 701 20 18550 38412
338 833 19 8116 77621
707 783 19 26498 91698
226 335 12 38645 94651
249 789 15 29049 33105
626 871 17 37373 62851
114 967 14 21727 75858
216 623 18 18163 40829
303 980 10 17916 38226
833 879 10 56503 71021
117 375 19 2531 53844
517 557 18 4413 7607
763 994 14 43262 81320
466 761 11 10291 52176
162 309 12 39595 40155
206 721 18 21435 60113
13 822 12 6667 74193
191 741 10 46502 62158
336 600 10 18695 71585
484 501 10 22026 35052
315 531 20 8476 9035
214 850 15 30599 93518
53 318 16 29034 59125
895 942 18 65413 88501
76 464 10 2602 33886
780 972 20 16905 39152
363 920 12 17611 72742
441 571 19 94333 96207
356 643 11 1557 37085
119 372 10 42242 56790
345 920 11 54509 88870
71 296 10 1420 21123
450 589 14 930 23382
32 189 12 47616 51056
779 876 11 60489 60675
161 390 15 2400 60336
218 671 19 17158 21445
732 960 10 3567 55306
782 876 10 53491 77149
299 663 16 19132 93546
4 218 11 34146 84512
419 857 12 28141 29481
326 927 13 34874 68791
212 888 10 27673 74759
354 855 20 60023 72818
502 927 10 19729 36177
599 718 14 27605 45697
313 565 10 165 64615
93 485 16 10577 49380
496 756 17 28364 40408
695 771 14 51606 86295
472 754 16 831 37048
184 996 14 15711 58086
316 544 19 26151 38394
89 574 12 12783 92551
442 615 19 46680 83522
4 874 15 46030 60230
796 899 11 6807 69694
449 964 11 31307 55346
48 914 20 46279 79073
87 305 19 79294 83490
171 217 16 50793 59236
111 155 11 70398 71383
233 941 13 9411 77750
18 526 18 585 31925
28 956 16 9891 31594
47 261 12 61608 64249
114 415 14 52057 81554
6 613 14 46302 72344
843 884 10 26055 62859
276 976 15 84142 96155
792 992 13 4948 62753
592 834 14 40142 79477
152 381 15 15735 95844
102 437 15 17887 60139
8 156 10 61547 84736
223 378 19 9693 50790
214 956 17 18488 47927
340 531 16 62858 81464
908 957 19 3352 7706
117 730 20 41652 77808
229 416 14 57494 72813
414 582 17 833 74839
213 271 15 33907 71748
154 492 11 47374 61282
304 637 20 63520 96608
16 219 16 25243 97509
494 553 12 46796 72287
346 652 12 44087 87651
543 968 16 24733 26243
656 699 13 28547 99625
203 243 19 63771 89578
236 286 10 23500 95441
290 565 20 68466 81574
531 680 17 30678 74346
641 822 17 13976 75707
127 792 19 22034 45099
513 624 17 56445 98093
119 633 12 31865 44347
551 890 10 5886 57680
32 963 15 77029 78174
572 664 19 38200 55995
132 758 12 53482 68643
178 500 16 42413 97630
354 368 13 67754 82886
79 156 18 85303 98464
700 787 16 31403 90582
135 176 12 1120 55873
520 700 17 33718 88038
130 589 12 38211 63621
751 800 17 9968 74744
184 534 17 10518 38257
811 930 10 32712 48830
36 448 10 23199 77440
128 709 14 55702 97067
231 273 17 8439 78244
136 284 15 81524 89304
33 146 13 80375 98932
89 306 18 54774 82937
586 696 16 17242 30823
154 645 13 5787 39672
25 442 12 16857 74416
574 576 13 5298 58273
710 939 14 75722 92459
803 900 13 15768 90844
244 563 18 47002 54891
839 908 20 24538 69178
66 606 11 5171 99630
458 947 11 58636 95469
343 834 14 82022 99323
479 674 20 45055 86757
225 492 19 86886 95304
650 652 19 22032 42118
170 698 10 6195 97393
152 766 10 74583 90062
140 491 17 8118 99747
392 650 17 684 98334
356 972 18 10122 71548
776 878 20 63198 65489
206 307 10 53180 95978
461 966 11 73169 94747
176 262 17 10135 51642
8 929 16 67530 87753
805 926 19 5694 83305
702 842 15 20570 20670
689 765 10 36205 46847
451 731 15 36060 45519
214 345 20 10578 54320
154 983 14 10824 54739
468 598 12 24794 85737
567 774 10 40693 58536
422 505 17 77127 98744
212 350 14 20424 82312
330 689 18 70869 96934
71 73 14 28368 50355
250 297 13 775 82881
538 940 19 69335 91963
545 922 19 779 10571
7 785 14 42872 81772
304 607 17 35280 80090
452 562 12 22501 39772
565 649 13 30407 64567
295 845 11 9420 39386
53 875 13 4315 33530
70 134 20 2813 62391
300 934 10 55936 86715
620 649 11 56533 88875
205 425 11 28744 73337
35 318 13 45778 76911
912 995 13 60791 68377
62 124 17 33953 37154
394 993 10 19404 44831
312 621 20 50826 73994
227 439 11 69806 99635
252 703 13 24239 78834
161 809 14 70995 72408
541 822 19 32335 97621
237 813 12 18797 68060
72 837 17 18843 53863
337 622 16 42999 70454
430 603 13 70161 79311
312 815 20 72165 77291
179 966 16 80946 82123
247 924 19 45006 47129
73 900 16 34962 53203
324 548 14 19505 31930
287 573 17 15502 64971
17 286 10 1717 21376
1 297 14 7778 32364
332 809 18 7970 65643
222 885 16 45165 63744
399 453 18 39316 97158
330 709 10 6407 49096
44 635 11 11418 68124
210 716 11 43234 88503
108 417 13 422 4507
161 485 16 42305 63737
399 564 12 25869 44715
482 984 19 72886 78273
131 326 19 43416 53018
201 863 17 87055 91768
354 799 10 58185 92621
97 267 16 26433 59796
379 575 17 12590 35567
164 516 14 6550 37082
276 970 19 34947 63374
420 534 10 29498 41813
474 979 13 49888 68246
361 485 14 74308 77215
344 445 15 31508 60448
211 765 11 23339 33466
332 679 14 12941 27271
35 330 12 33491 57047
561 940 19 39874 98407
116 756 11 2075 43137
392 822 15 15947 28193
271 417 13 32094 44720
59 488 20 1713 97326
93 589 16 51745 83246
41 439 15 58306 82740
314 826 15 37457 82622
391 836 15 35509 63571
720 859 19 47991 52849
482 774 12 9711 33947
96 713 19 43858 57537
132 814 19 1779 23288
468 742 10 41373 97145
352 510 20 33809 90104
225 505 12 15314 29704
52 180 13 4955 62403
269 884 14 7034 39487
785 999 11 1188 66214
598 925 19 38304 50569
586 627 18 41296 51443
76 971 16 23496 34877
802 983 18 29568 88709
352 878 12 29486 75105
449 894 10 49822 59185
264 495 18 1030 75013
177 752 12 31109 49549
122 349 15 28169 68857
273 389 17 70231 92978
119 325 16 34645 99501
882 897 12 42333 94659
253 806 14 36935 59951
185 544 19 553 54327
74 366 13 17615 87074
781 803 18 89643 93623
377 834 19 18789 95087
511 595 16 32169 46632
664 671 16 15329 21040
398 821 17 44705 71090
32 698 16 4230 35558
286 874 20 26047 75653
14 391 14 42833 68327
17 481 20 7995 69673
438 973 15 49050 57097
205 328 19 39067 39607
222 777 19 80437 83337
557 836 13 53869 91788
629 651 11 21121 80494
175 317 13 61134 98106
394 913 17 40122 65474
130 527 15 29872 96649
804 991 13 12284 57780
776 783 17 70604 82022
113 899 10 63070 83797
198 836 20 53483 78858
369 648 11 10301 38010
473 666 12 2019 71446
343 640 16 17851 98029
246 605 19 47761 56561
61 542 18 45688 93627
163 258 11 35445 94558
469 705 16 19641 81633
286 880 17 13862 45293
203 705 10 2979 29711
440 701 14 31747 80579
100 129 10 21758 52546
72 313 11 61920 70949
91 215 11 21756 75856
826 930 10 51229 84054
188 674 15 30929 70694
187 734 15 16956 48944
815 907 17 27230 61610
663 904 11 54648 79054
332 384 10 66372 80628
644 883 12 63516 68769
734 866 18 6620 20484
113 559 16 59254 99359
362 840 20 52269 55883
523 525 14 4207 49082
195 407 19 27789 56997
173 573 10 51056 91494
320 611 14 24616 63688
78 942 18 73188 92936
418 514 18 41513 61972
16 259 20 57889 83853
934 938 17 39080 94501
125 698 18 20686 22994
55 98 14 59478 95380
249 362 20 49873 70979
290 861 19 2236 59615
162 451 15 32416 37578
413 949 17 1053 86094
197 702 18 12209 92458
21 929 19 57807 87043
234 502 15 85807 95070
640 738 11 56405 68146
669 757 18 41856 69272
278 738 10 52131 85206
659 882 14 17390 29878
191 356 12 73365 77141
413 520 17 46186 60884
501 524 19 22756 24417
360 422 16 84829 97351
85 765 18 25683 36141
481 856 18 23784 66457
53 444 11 19913 90261
100 398 17 59129 85716
738 914 11 50379 94312
730 918 10 38619 42692
448 921 17 5490 36801
176 593 19 59651 75540
377 472 19 7621 48052
200 589 10 72479 76896
725 741 14 7962 73311
587 750 20 31986 78901
523 765 20 1641 26020
374 640 13 69778 83035
367 732 14 50208 74228
254 448 13 2608 76658
174 254 12 74178 91015
195 464 13 46641 74665
208 469 12 2726 99132
723 819 19 16908 99702
564 649 17 13570 28187
532 933 11 43275 86774
926 953 20 22733 66676
39 512 15 47180 60109
387 436 15 8506 27976
21 722 12 36529 70839
495 990 13 19610 48734
711 799 16 18927 20403
799 963 13 56289 95347
456 732 15 70088 70771
138 821 20 13209 24217
554 560 20 18729 50854
677 727 20 90902 93523
456 949 14 2206 51598
701 929 17 46092 63236
609 697 19 8321 45280
359 520 10 10825 47410
21 988 11 55824 92377
191 995 14 18694 95885
533 590 18 22117 56237
376 398 18 65028 88101
515 519 18 60671 72751
726 981 15 49381 93806
296 794 15 55211 71377
219 306 19 17809 21942
31 564 14 47191 51600
53 234 17 12062 64983
155 570 15 30560 70241
407 764 20 27708 70153
15 690 15 37547 39217
412 778 19 93733 94495
143 503 11 77546 93340
515 795 20 10001 12031
91 604 10 1373 85692
494 803 13 35557 39193
335 933 15 28313 36842
406 415 19 36205 49136
436 676 20 26762 72178
548 680 10 15085 83904
242 840 14 42983 48991
412 618 19 59798 65935
84 164 14 65787 66622
326 805 10 21676 36509
307 401 13 42080 54331
138 337 20 30389 75615
53 541 13 10977 56787
314 689 12 12485 17426
587 609 14 18016 75863
267 389 13 25483 47298
727 950 18 34515 77619
552 989 10 62849 98636
127 515 12 41984 95218
237 357 11 34160 69392
538 835 13 37640 76148
29 405 10 83009 95211
152 472 17 28206 51164
61 486 14 64483 75930
5 614 18 35628 75293
227 776 12 29777 39650
61 853 12 61359 88970
376 911 15 693 6182
124 151 19 47152 84978
189 364 10 6610 61037
194 321 11 10987 82101
141 239 15 58198 70664
118 351 10 33414 61952
719 880 18 24654 89095
27 681 12 44212 98882
455 933 19 53315 97812
115 636 15 85014 93801
167 652 10 85932 87965
401 818 10 58583 78495
255 330 15 27123 64071
209 374 14 53371 53770
372 623 20 71971 86490
924 959 13 18334 79896
97 116 18 2064 99102
297 757 16 27168 66360
231 278 11 21964 58315
527 844 16 26560 51017
379 930 16 63325 86980
841 975 17 11423 19500
563 951 12 41975 83358
380 622 16 16979 33956
157 624 10 26718 94009
7 636 11 7180 55230
108 670 15 27164 58380
161 395 16 1683 97508
234 995 14 7688 70978
68 352 16 24665 46543
393 489 15 71682 75228
183 964 15 5711 16210
801 985 10 44023 90060
621 909 19 20171 67264
711 726 13 73807 99785
715 912 13 82582 96091
23 328 17 37418 87174
67 571 19 40814 89076
156 743 18 26715 96738
519 548 17 22819 81169
265 564 18 24690 62474
404 914 20 20486 62825
330 502 17 33872 83909
62 722 13 42550 75917
432 869 16 39392 90764
293 756 18 15244 36643
384 456 12 15641 22079
96 388 19 41047 61359
408 695 19 44050 97704
876 906 13 16400 43485
59 418 11 58170 99221
34 923 16 71840 78430
163 479 11 5106 24549
373 560 13 35688 63734
337 819 11 35110 49249
74 221 15 33132 50034
72 624 11 60269 74608
551 603 10 4905 23459
208 949 12 3544 99709
26 581 14 49556 50548
477 893 15 25497 31899
64 573 13 90919 98070
181 817 20 13777 36749
496 953 20 33722 53631
535 704 20 46613 93484
326 838 19 68245 93608
367 634 10 49547 84118
39 491 18 8082 10766
672 925 14 80632 95090
62 188 18 82859 83611
163 861 19 23218 84915
687 904 19 26702 88553
478 660 12 71957 80970
221 680 18 49512 62786
348 426 17 44177 86735
303 607 10 10895 32879
116 224 18 57227 87716
227 744 12 52391 75955
365 433 12 9143 96380
603 892 18 48001 58010
152 505 20 23040 86770
839 910 18 18858 89883
387 844 20 86798 94256
331 733 16 58475 72200
445 684 12 1423 35797
115 186 17 24105 46236
653 710 12 29273 39049
135 580 11 58879 60429
484 634 12 41489 53317
195 489 13 14383 21088
618 819 14 7477 68200
40 249 18 40365 49367
573 627 18 33075 43439
783 937 15 2769 94760
7 27 15 18441 27249
538 598 10 58229 71287
293 476 14 46249 72592
86 128 16 4929 14230
341 444 13 4136 35414
124 686 10 8586 57478
154 729 13 15302 49207
513 750 11 15789 63126
778 903 13 26036 37692
134 260 17 28080 73531
352 848 16 43531 63629
187 577 19 78207 87541
684 784 18 19051 71565
579 775 20 24683 83598
121 124 15 38068 83722
63 485 18 46004 92754
74 607 14 17049 59258
7 145 10 12415 72303
609 824 18 85809 91854
156 982 15 66978 69824
634 651 15 5795 41993
509 737 17 49559 50962
636 729 14 3155 19955
217 806 13 7291 19393
346 862 15 52886 57245
590 889 18 41126 56287
717 829 10 24364 36046
382 634 13 29321 81196
223 382 19 29188 50946
438 681 12 27109 89017
378 508 13 15375 84525
437 874 10 87211 95895
72 792 15 29378 68247
412 625 18 38338 92904
192 766 15 25374 93448
148 368 20 63944 90986
385 874 10 87980 89079
390 725 11 56211 57576
756 809 15 19428 98256
479 896 10 14862 29945
31 974 18 20712 30577
263 581 12 36501 43716
238 331 18 34029 98384
800 941 10 10359 15883
210 993 18 26982 35713
87 220 14 54071 93285
53 702 11 18501 28665
217 342 14 75206 76961
378 736 14 14134 60851
126 927 15 208 17330
333 814 15 49997 78350
148 557 20 59912 90814
468 649 18 24747 57623
211 951 11 63034 91494
669 715 16 41614 59453
583 976 15 21994 44553
873 974 15 84029 96009
366 767 20 237 81717
410 606 18 15253 94971
567 874 14 82461 95803
628 692 17 24265 83613
426 807 10 5139 84182
106 854 19 76354 85140
812 837 18 24936 80021
99 701 10 4768 16413
64 120 10 39346 61304
247 971 11 70876 71178
106 150 11 39917 43483
183 499 16 2720 57579
533 703 20 19005 39579
254 437 17 13930 93216
202 398 16 22135 43711
104 528 12 22365 25546
920 928 20 15995 29919
415 868 15 32348 83149
607 616 17 24091 80199
29 802 17 66265 68124
24 217 12 36233 60362
600 713 12 32460 50402
503 619 18 2358 37638
430 856 16 8262 47157
128 366 20 5032 19988
660 874 15 53933 69466
191 851 19 57060 83564
526 539 12 79903 97888
358 524 16 40781 90105
828 889 15 31764 57856
298 882 16 1552 27360
159 547 17 84109 92907
198 818 15 32614 88232
64 820 15 15238 59735
28 462 20 47166 98486
310 400 15 65005 77238
267 644 12 69022 77901
508 689 14 34374 52823
753 921 20 38368 44567
35 192 16 48184 64899
770 798 13 41005 42999
607 848 19 24444 48002
377 625 18 38608 65830
863 949 12 13451 70530
36 821 16 1114 28092
66 69 15 52343 79357
225 629 16 91587 96835
539 668 18 8326 63353
66 141 17 34392 96754
595 691 17 119 58658
10 19 18 68257 75680
141 339 17 9812 88922
531 536 11 68583 87245
509 704 13 30611 67867
731 947 20 30977 63463
506 699 17 14191 15384
854 980 10 70465 81247
99 825 18 4449 68167
96 803 13 22256 75513
68 908 13 57851 84303
376 814 11 27117 44452
81 672 10 44538 86513
670 899 15 34409 66107
329 968 13 54488 58962
43 56 19 10166 92689
893 939 19 52278 71837
131 404 13 563 37827
57 579 15 1060 43781
146 894 11 20728 89441
385 421 15 21239 64967
122 510 17 84267 90531
206 308 20 52258 85697
710 913 16 42351 93552
659 907 13 61415 72200
148 560 13 44939 64050
550 770 11 47272 84789
248 523 11 44238 86760
228 989 16 2458 15647
57 286 15 66255 84360
838 962 14 60428 80042
530 795 14 17658 83232
108 501 14 42411 58153
284 756 11 43448 47564
476 954 13 1714 44926
415 576 11 4058 51549
116 137 16 44845 47977
411 843 13 28710 31613
369 771 18 19804 86815
693 838 14 78624 91973
507 616 13 17323 97537
97 772 16 6762 43532
310 862 12 59794 92879
3 791 17 43060 84909
37 95 20 35665 67648
79 558 17 11706 53100
228 723 10 5824 93730
310 687 16 59268 82191
71 236 12 19738 23836
5 303 15 52568 84292
204 577 11 54649 68855
110 596 19 63567 73110
266 739 13 29016 42361
550 874 15 30642 49558
371 385 17 15565 92385
381 786 15 22121 30376
113 777 19 41487 88883
367 848 18 25244 95056
60 278 13 20703 99284
851 906 19 3705 48855
265 340 19 64392 83440
250 538 10 61655 90790
394 803 18 69 14033
291 961 11 9009 44946
29 532 14 622 48532
688 952 14 20229 39827
182 958 17 11909 16720
64 102 16 54274 73517
210 640 14 2786 90802
460 607 12 44970 58722
836 871 15 6102 87176
465 775 11 8845 74789
509 647 14 38357 60121
469 966 10 23454 70708
238 468 17 3224 62188
23 899 12 69691 98255
869 893 18 17237 47910
57 394 10 84796 90004
671 919 11 19304 40460
140 476 11 6134 26878
23 36 14 1558 68302
41 799 11 62757 75832
428 629 18 27081 67935
212 345 20 34631 79564
338 908 15 39439 71711
45 709 19 59824 63559
230 707 11 39197 99190
179 316 13 44626 62972
209 582 10 44028 78388
701 956 15 39916 75339
187 768 10 39990 66236
241 672 15 44630 98287
560 643 11 52118 71269
413 822 15 5361 86985
123 334 20 9076 65070
831 845 16 61063 81165
390 967 13 22285 42401
7 151 11 38900 85094
240 804 17 72568 83762
553 593 20 24345 25704
97 854 10 51477 98743
103 828 20 31225 93762
419 856 14 20974 90256
220 441 19 16547 55083
281 672 10 4625 25293
103 302 16 89916 92533
473 893 10 30372 58133
499 758 13 13578 80330
194 449 18 15700 58536
246 329 11 38143 69252
104 739 12 15108 38605
356 978 19 13807 46112
13 591 16 80588 85558
646 924 20 39990 65814
469 773 19 41975 42581
498 805 14 11773 21369
862 980 20 26340 39009
61 130 12 24937 59740
338 400 14 17411 28686
34 595 10 41857 66654
163 401 11 6634 36810
75 700 13 20796 37959
25 124 18 5948 92026
571 707 17 5112 77380
162 282 18 6525 26915
50 154 13 4038 83556
48 288 16 64455 81613
150 388 17 33064 54521
12 599 10 20239 78959
63 166 16 21572 77027
324 791 15 73645 96146
465 619 13 56549 81290
466 727 17 22538 53128
273 479 17 15465 61385
673 836 16 19895 64415
87 379 13 48986 72939
553 557 13 14992 79132
361 834 19 45324 83080
476 704 10 41428 61181
357 725 13 23998 56102
171 392 18 37709 77967
186 825 14 28858 93810
443 713 14 30450 45371
858 917 17 48553 73997
190 235 10 50710 74214
673 937 14 25364 43240
407 740 10 76914 91745
218 446 11 35933 47779
113 902 16 14768 28797
746 935 19 6793 37427
216 990 12 30035 40312
290 452 11 2398 5471
722 952 13 2263 21357
4 631 16 18039 25170
695 962 16 11252 95933
255 272 15 20193 79102
169 234 15 38161 71958
167 525 19 24316 99308
113 937 14 45373 91559
39 285 14 24070 45710
531 943 10 4822 87058
734 968 17 10225 58744
97 126 18 91775 98677
189 434 17 54540 60340
861 901 14 47238 73910
685 761 18 8077 87724
501 615 19 32614 55516
140 200 20 52954 83149
40 765 16 25944 63197
268 739 20 898 80954
190 627 19 587 16529
247 424 18 11280 78317
322 529 16 16713 31992
484 672 19 66766 89739
94 777 16 9145 62290
185 575 13 68474 91302
90 478 17 23022 24535
425 576 18 32044 89353
139 150 19 48265 67111
28 427 15 2565 43294
6 725 19 45296 86002
91 225 15 87331 96723
121 732 16 57050 88617
721 820 11 52410 95338
638 961 17 74683 94348
186 460 10 36993 43934
95 122 11 414 37716
106 699 17 80826 89898
346 859 16 34373 84376
570 594 11 9275 31211
77 574 20 20112 63592
519 595 16 75236 85415
226 353 17 6462 75116
79 246 20 7969 22875
149 454 12 84875 90460
252 627 12 58636 75152
918 954 15 79108 87992
210 240 13 21430 47800
71 561 12 11671 77254
48 953 19 818 79631
658 875 12 89957 92878
760 834 13 52443 98345
305 785 14 19861 71320
285 568 15 33488 94338
917 946 19 57633 73868
291 979 20 32088 67292
517 598 20 67048 94280
335 999 12 69627 99807
35 571 16 55657 75701
290 883 12 33568 35150
49 899 20 76114 96370
372 866 10 27580 85443
276 812 10 70759 94595
46 833 14 10754 89989
699 743 10 9736 57611
557 844 15 1734 79617
90 480 11 87479 88360
330 679 20 14727 84636
61 447 16 57048 84546
450 537 19 21224 94130
10 80 19 27723 92483
496 567 12 79220 93941
794 998 10 4296 7052
30 665 10 40183 53722
319 748 20 68583 78060
900 972 12 940 95700
119 232 13 36693 98636
589 961 20 46206 76617
287 726 19 35982 79385
88 458 20 37933 76264
3 882 18 66550 87879
570 582 19 44633 75566
234 401 17 21568 34213
59 423 11 18578 75684
350 824 15 820 63986
78 719 11 45782 64593
115 729 16 26346 87215
608 986 17 9048 78084
740 871 11 10798 56757
320 803 17 4147 88298
106 646 16 499 56788
316 420 11 25626 99280
231 604 16 19705 69538
321 646 13 20300 89760
200 718 10 68311 75015
205 596 10 31198 37537
111 277 20 39987 56951
153 534 10 43384 48289
568 716 14 3063 31876
634 719 18 16592 34562
684 914 20 39565 54661
108 290 19 34714 53362
605 632 13 33797 78524
282 570 10 49032 83560
902 998 11 2300 66650
72 190 15 58043 59880
346 653 10 2178 61953
700 975 15 32475 94596
143 408 16 80858 97420
133 994 20 72561 94168
247 271 11 28696 99607
349 849 15 31149 50246
547 690 18 42103 70079
125 473 12 77853 91942
782 875 16 67671 86409
438 662 17 19905 45742
744 839 13 65267 77843
492 671 11 25982 83466
398 760 15 10884 14434
170 330 16 64578 95905
542 833 10 23796 27113
142 168 13 2149 93414
178 303 18 56963 60714
340 587 18 45213 47851
116 911 10 7488 64862
350 562 19 3697 77463
217 277 14 58171 84870
284 306 12 15752 32949
546 931 15 47803 82665
89 996 18 16940 98247
190 999 14 44915 97399
162 804 19 17838 68704
145 306 18 29327 67076
102 920 17 33539 64007
75 388 13 14968 34836
589 708 12 8821 23489
213 358 15 27875 31997
426 579 18 5500 74259
557 662 19 66039 94920
337 597 10 49259 63604
150 629 17 22957 85852
229 710 18 6548 95714
581 773 20 65241 77364
431 844 18 71355 74225
509 651 16 57206 88582
22 374 13 5570 31986
414 589 13 4109 50311
159 430 19 10997 53305
89 600 15 896 35574
943 949 11 16990 33857
415 579 12 24187 80078
802 990 11 27438 33436
445 652 12 65060 82561
820 998 10 22937 37942
709 915 18 3778 15114
215 524 20 30587 86249
467 569 20 60191 98340
39 350
