100 400 50 1 100
1 2 17 32775 56725
2 3 3 12731 63131
3 4 1 2860 36269
4 5 15 46478 99920
5 6 18 1214 48006
6 7 13 28701 92813
7 8 9 21022 96173
8 9 2 10364 27848
9 10 4 14299 45220
10 11 12 3054 4973
11 12 16 7336 80798
12 13 1 11521 94861
13 14 16 44692 58709
14 15 13 22058 71322
15 16 8 3765 39957
16 17 8 37225 47703
17 18 6 10406 91749
18 19 1 53962 99162
19 20 5 26394 76824
20 21 16 80366 97335
21 22 17 68183 88658
22 23 9 6018 21302
23 24 13 1343 68525
24 25 14 26130 60709
25 26 7 38099 95812
26 27 4 16403 40419
27 28 16 49341 53615
28 29 18 1445 99518
29 30 6 84025 87877
30 31 13 1367 13549
31 32 18 35337 65590
32 33 9 33227 76809
33 34 15 23305 86851
34 35 19 20752 84409
35 36 14 9654 65067
36 37 2 23645 75209
37 38 20 9067 82959
38 39 14 19231 70496
39 40 5 7317 61474
40 41 18 62676 94376
41 42 10 75239 79282
42 43 1 13924 42586
43 44 20 5088 91916
44 45 10 78532 98212
45 46 16 33851 76671
46 47 18 87696 97948
47 48 18 19610 41337
48 49 17 56552 94351
49 50 17 22208 97289
50 51 7 56885 98024
51 52 10 73548 84260
52 53 13 18290 78192
53 54 4 6749 63202
54 55 17 36592 43713
55 56 15 1253 96559
56 57 9 33818 96067
57 58 7 9210 75772
58 59 1 30822 75464
59 60 10 32710 57276
60 61 20 8115 30213
61 62 13 27825 52437
62 63 13 48463 77862
63 64 12 62856 86824
64 65 3 69601 73728
65 66 10 18037 64390
66 67 7 43607 57990
67 68 1 22153 53115
68 69 7 19672 36797
69 70 1 3732 44745
70 71 16 41001 83029
71 72 17 4222 62107
72 73 2 18533 66295
73 74 19 73184 80875
74 75 12 56375 99394
75 76 3 53636 69647
76 77 4 26711 93915
77 78 5 16085 67797
78 79 17 19964 89123
79 80 17 21734 47670
80 81 17 46055 84656
81 82 2 1014 50239
82 83 2 8235 24751
83 84 12 80936 86371
84 85 14 8956 25547
85 86 1 48137 88666
86 87 1 11783 93611
87 88 13 66689 69703
88 89 10 7247 15782
89 90 12 74030 85858
90 91 16 70568 85505
91 92 14 2631 70166
92 93 16 6953 85446
93 94 2 21356 46274
94 95 19 82326 98815
95 96 14 47559 74072
96 97 1 13454 75644
97 98 5 49301 53495
98 99 15 34959 36156
99 100 1 9693 24283
42 51 8 54326 69922
54 77 20 4047 76245
71 88 7 169 17682
11 100 12 7009 24472
10 19 11 55510 70597
10 33 6 48851 81293
83 86 20 82520 88433
41 67 5 7155 90801
16 55 9 12428 75778
35 48 11 18294 61960
24 44 7 29317 58027
1 50 4 49815 51659
59 81 5 13624 60236
29 67 14 26529 56856
3 79 13 6158 50335
58 99 9 78060 94994
78 88 17 7782 98170
9 64 9 5209 78846
11 28 16 39467 50098
30 88 5 30242 81341
32 51 9 23213 93897
14 47 2 14738 71518
34 66 3 71501 91271
11 90 19 66915 97617
52 93 14 22611 57357
4 86 16 5229 74819
27 47 12 68015 78382
15 74 17 65012 73970
64 95 15 7894 64754
43 72 11 86422 92832
38 54 15 67489 77303
17 26 1 40492 42718
62 77 17 69145 85803
19 35 14 39978 96715
13 69 2 29063 40738
8 82 5 10499 95154
16 70 13 65157 90590
29 92 1 41665 90227
9 88 16 30047 87839
59 78 3 39599 91042
67 90 17 16872 63235
20 88 18 47679 69231
2 78 1 60029 91742
60 73 3 26094 67051
10 29 4 7225 25149
15 51 7 13445 37479
47 89 9 6291 47100
84 92 17 10491 35365
43 100 10 63882 69020
12 97 9 19231 46406
38 92 12 3448 83799
6 42 20 45353 50261
5 39 3 76534 81330
67 75 18 13308 76420
77 85 8 35988 66642
20 44 12 8040 26559
40 96 6 23213 36472
88 97 3 30736 59214
51 92 17 18620 95955
30 37 3 54600 72797
61 97 6 4017 12620
29 47 2 32705 59239
14 81 7 5079 71616
19 79 7 58246 69899
17 69 3 70707 99422
20 47 7 24130 81954
62 68 15 3705 20258
6 55 10 25617 30366
69 93 8 25250 79871
62 84 18 64475 68738
3 56 12 59585 81324
44 69 6 12805 30639
47 78 14 69396 88002
34 74 17 8477 82294
17 57 5 8459 97348
56 95 18 24677 35441
27 38 8 31376 86250
14 48 16 40729 77386
59 85 14 40586 87730
52 96 5 2697 42867
21 75 15 12740 28326
8 77 8 89976 97955
21 55 11 70207 94833
52 81 3 18600 72065
19 25 10 25301 59362
18 80 5 4913 40132
70 92 5 58148 76628
61 98 1 71818 99834
32 98 15 52563 70251
45 84 14 6361 99393
43 98 15 19412 81971
29 96 8 16909 44378
17 65 7 46739 58615
24 96 9 20480 65580
67 85 16 20978 29415
45 83 16 21974 50042
24 53 11 59274 99994
39 64 4 8956 77226
74 97 19 51540 85219
77 96 7 40949 77129
16 35 15 81929 93673
50 80 11 44542 98766
35 89 7 183 67179
42 58 6 41527 56161
11 61 4 14043 84328
12 52 16 23658 44818
35 73 7 27614 96843
24 43 10 46386 66039
19 54 15 2773 39057
3 58 5 63558 88035
63 76 5 10187 43452
49 53 1 5822 56355
31 49 17 58075 75081
12 54 9 17823 20898
26 77 7 41018 87892
3 10 16 52471 69181
13 87 11 18789 79352
51 98 9 76564 96071
13 91 6 51840 89515
21 82 15 55845 65069
71 87 15 35731 90747
12 62 10 64645 95238
71 91 1 21415 71808
10 25 17 27956 31310
27 72 4 28120 40142
82 100 18 32927 68283
96 98 18 41310 68833
27 48 15 53922 95715
23 63 3 39947 54462
30 63 5 18570 81021
48 80 3 30236 56237
41 90 12 65432 65503
33 84 10 66982 74118
4 63 13 28292 36949
52 66 20 30869 41033
70 98 17 37849 90289
2 63 9 21984 76902
77 100 10 11347 30029
76 79 17 44367 97290
6 61 12 13737 80843
35 39 1 74349 97290
6 65 7 63384 95816
32 54 11 53814 70988
11 65 6 5580 9214
41 50 17 30789 49912
40 75 4 13083 68281
23 88 10 545 18329
66 99 19 12135 27902
40 68 5 49458 51335
88 96 14 19133 36549
28 53 13 14332 85915
19 65 7 59239 69098
3 92 2 12624 30616
54 65 14 27470 61108
68 88 9 18849 54279
22 38 7 28132 62795
21 87 12 2472 6042
73 97 2 31865 45491
69 75 11 61287 93577
44 56 3 48219 81978
2 44 5 35233 87981
5 73 5 94077 98560
85 91 7 28430 43268
31 44 8 19614 71210
21 27 20 39454 46021
7 41 7 525 13241
67 88 14 20880 63503
1 75 12 14696 64323
53 100 14 17774 97324
46 86 19 24951 74610
9 69 7 7862 30625
22 50 7 4232 47108
8 23 5 4666 47809
49 61 18 345 15432
33 86 14 44739 79067
33 74 10 5821 18265
32 79 5 75512 82578
58 62 9 15501 54731
18 31 2 35260 97035
7 49 16 10246 15595
15 91 2 35029 45144
54 89 15 44090 85601
65 88 11 8774 27023
29 40 10 57827 80844
9 31 2 34054 89029
71 100 5 89952 91134
84 97 1 13420 98946
39 89 6 83148 87324
59 90 9 16418 51065
17 24 18 1141 22991
28 87 11 45276 50397
76 94 16 25658 93149
7 50 5 73441 91889
69 88 15 51601 86598
35 60 5 84932 91823
49 60 14 28821 93659
10 73 17 31328 61357
50 88 18 47005 79556
72 84 13 43900 59135
24 88 17 35593 38677
34 92 19 10096 31737
73 77 13 406 26557
6 72 13 46354 63234
76 85 16 80096 94846
37 50 14 32056 48530
20 49 14 37934 96415
44 96 14 31274 54850
31 70 12 36865 80878
49 83 1 60932 62188
13 75 7 81614 90036
12 61 14 24488 65628
52 73 4 66882 70695
60 83 12 27190 92271
70 91 8 28982 75143
14 80 4 60448 68091
20 33 20 18745 77727
51 63 4 46970 72873
26 55 15 22868 47919
24 82 17 36881 40720
60 87 12 7928 88340
41 100 5 3809 13953
6 95 12 33066 35902
35 61 8 32845 66106
61 93 17 36445 41490
14 28 7 72 21780
1 46 12 72895 75845
3 69 10 66279 93404
32 49 1 38795 83688
18 68 8 25845 39664
73 88 16 16056 86498
40 45 1 48065 93266
29 97 6 34708 69535
33 40 14 16580 78721
32 44 10 69941 80843
4 77 19 21228 30268
3 73 4 26690 70499
5 98 2 19003 53098
61 100 7 2005 59979
63 98 3 40840 59757
53 81 11 20716 44252
69 73 19 8317 68791
26 87 13 21911 43038
10 49 13 80061 95796
4 23 8 33308 89439
41 72 18 27221 57276
11 77 1 58120 90717
22 89 20 47920 75239
69 99 13 10669 64346
16 24 1 4084 18376
10 13 1 39089 71458
56 62 4 5191 42741
33 50 12 25938 66026
7 78 8 32991 86636
8 41 16 21615 47984
85 88 17 3605 88901
11 51 5 17711 26578
36 54 1 81829 97302
26 59 14 69068 75475
64 96 9 11083 43273
46 55 20 1383 89365
1 79 15 2761 16498
16 45 14 48871 62637
18 79 1 16482 37648
68 84 9 27874 95872
35 49 8 18219 32767
8 48 20 51227 57560
39 96 20 25989 85078
56 68 4 15702 75811
63 81 20 5150 44167
91 93 8 10590 59978
51 85 9 8002 11707
78 97 12 34850 80729
26 84 2 16263 57021
63 88 13 19177 32265
38 53 10 2952 61989
1 43 20 85097 88054
23 35 20 62653 77469
37 68 4 74209 94034
7 84 14 12179 35024
61 86 11 510 46283
9 30 13 27825 89563
7 65 16 38796 91991
30 38 5 32126 77950
35 82 7 74236 78543
1 77 4 22990 30085
68 79 4 1542 84609
21 83 1 3997 9618
15 80 1 9958 18611
53 92 5 52639 60543
29 66 18 81727 98039
49 65 12 88347 98805
55 93 20 15096 52243
9 71 18 50719 85145
61 69 8 50557 93763
52 80 16 91642 94701
14 37 5 19631 21385
8 81 18 2906 36899
78 92 12 62169 80525
37 74 12 94721 98190
17 67 6 4986 12591
2 69 14 35136 45326
1 633
2 829
3 175
4 496
5 79
6 677
7 21
8 447
9 758
10 322
11 517
12 20
13 828
107 41
333 417
499 606
592 414
1035 297
1036 553
1412 998
1496 130
1725 593
1736 772
2364 400
2516 450
2738 576
2904 987
3196 462
3613 167
3693 615
3808 809
4108 693
5613 816
5660 743
5831 988
5866 895
6179 878
6183 330
6312 693
6750 870
7471 521
7490 226
7935 379
8879 996
8976 598
9110 66
9191 587
9804 736
9911 202
9912 880
