100 1000
66 83 1 129281 953566
98 21 1 3822 7251
83 20 1 269482 482957
56 11 1 298021 687392
63 13 1 391562 405234
56 23 1 107745 319212
49 21 1 841073 970761
5 6 1 33809 132098
2 16 1 31937 493639
47 1 1 415938 692296
54 1 1 230637 906488
56 53 1 30155 323752
91 9 1 750034 881057
35 66 1 58850 133101
29 37 1 121215 156641
27 39 1 9540 903187
4 97 1 13992 44625
75 11 1 365571 568759
30 68 1 382781 894961
59 65 1 178340 459327
74 8 1 130897 635496
68 74 1 179180 825028
75 19 1 26488 725561
38 87 1 125077 176832
50 93 1 77817 542596
75 38 1 724695 845037
99 55 1 794816 851474
53 85 1 393237 503701
86 85 1 234156 550683
25 82 1 73571 271821
91 18 1 607089 919453
99 2 1 428246 731953
31 16 1 4966 11885
58 98 1 22940 702700
75 51 1 164109 399926
44 32 1 28093 143945
62 31 1 558223 565448
70 36 1 101650 145147
48 86 1 80615 921523
1 29 1 19313 783869
59 52 1 292889 520057
80 14 1 287657 939310
66 50 1 906981 910112
70 31 1 99184 604459
17 20 1 90671 607932
23 57 1 353667 596920
74 32 1 133450 506966
32 60 1 51781 87786
16 82 1 44831 78174
42 5 1 765411 900329
82 63 1 34492 460861
37 62 1 257663 987076
57 99 1 775650 892166
22 90 1 100573 492052
60 54 1 34991 56409
19 29 1 295908 537765
82 75 1 347293 640603
27 98 1 156190 521397
36 51 1 94306 454484
25 80 1 2401 14346
64 42 1 140181 275557
27 57 1 32115 566984
30 44 1 297575 852179
61 41 1 110034 832095
35 58 1 2333 22588
42 56 1 106689 622499
14 83 1 10312 60588
76 59 1 780361 868378
60 6 1 440765 676867
34 45 1 817001 921172
23 14 1 154820 726353
95 80 1 222454 921212
97 89 1 141525 503705
72 55 1 136594 798636
86 80 1 13722 122701
27 66 1 144538 226170
7 45 1 256339 792402
89 3 1 262969 420320
88 45 1 120245 141696
84 52 1 362916 439562
68 75 1 50194 157734
91 16 1 665670 861644
94 27 1 143124 766360
90 37 1 82090 107770
21 27 1 130579 744492
76 53 1 360714 533969
85 40 1 81646 522466
24 69 1 175448 223556
28 9 1 20454 328670
6 90 1 57563 97532
38 94 1 37659 566715
66 8 1 89434 326420
95 100 1 236334 321886
30 83 1 68984 703318
85 56 1 127267 312641
37 50 1 172376 859330
47 27 1 353658 554588
14 5 1 846141 996266
15 90 1 25384 115774
84 72 1 28122 42034
62 42 1 239693 474068
24 29 1 179651 963734
61 49 1 495185 548369
30 7 1 208792 272099
11 55 1 217093 813400
44 23 1 237210 301873
56 20 1 100333 552635
92 38 1 15610 211289
24 8 1 482299 885730
54 19 1 135751 137426
85 95 1 44254 658865
97 19 1 93393 449930
18 53 1 82556 104298
99 81 1 15273 571008
74 66 1 8403 747232
75 8 1 168108 305742
97 77 1 28721 192179
83 58 1 68896 658722
9 89 1 57153 441462
98 4 1 145164 223569
84 35 1 34311 224510
81 63 1 3600 21394
24 48 1 115748 637079
84 89 1 623106 636020
82 12 1 520706 822150
72 87 1 3934 5901
95 28 1 348139 489656
8 84 1 24656 501677
21 8 1 197810 250936
83 70 1 54192 883417
54 53 1 88823 404936
92 83 1 40314 434625
90 58 1 435650 838689
79 23 1 60042 200783
29 75 1 547376 839007
64 98 1 2537 861256
5 81 1 337820 611738
80 21 1 512922 542349
97 76 1 27672 62563
83 2 1 832263 935857
23 75 1 654619 851797
81 97 1 538379 898986
7 79 1 41234 145727
49 62 1 24626 29844
16 33 1 282346 674969
2 7 1 7877 20709
60 47 1 110721 875618
9 55 1 52375 300506
21 87 1 86149 397519
65 39 1 18060 671763
65 21 1 84740 318683
66 24 1 6483 200949
16 48 1 63548 119674
67 1 1 554786 677988
12 1 1 457572 972532
52 100 1 715185 727493
11 80 1 113155 252378
93 66 1 293534 498900
11 97 1 487161 709799
35 9 1 67723 79598
87 25 1 212839 295515
25 58 1 719666 859484
3 21 1 89684 255060
63 20 1 41290 85447
77 78 1 587539 841503
17 13 1 1169 88932
35 100 1 102629 165715
68 74 1 251807 567725
95 83 1 119049 653086
36 95 1 138968 447682
30 96 1 435020 539177
8 34 1 867513 965511
37 61 1 169609 543256
72 21 1 81524 641689
56 18 1 250706 884802
36 14 1 590670 679560
20 13 1 291069 303011
40 1 1 575385 754871
5 87 1 4781 152187
13 95 1 471739 777452
45 89 1 2045 124535
6 70 1 475501 524290
47 17 1 44448 232753
90 6 1 266455 873579
94 11 1 361114 907868
55 49 1 504867 932076
83 37 1 18960 279343
35 82 1 105138 904741
5 95 1 108136 313222
22 72 1 336545 606632
93 50 1 74254 849640
24 52 1 159873 449133
80 33 1 185714 369737
9 3 1 65058 320689
72 82 1 37221 562693
45 90 1 595515 899964
14 77 1 209716 254240
20 50 1 302762 539854
66 60 1 33932 695102
62 93 1 67326 458042
11 21 1 320460 498399
10 16 1 126078 144246
50 45 1 402702 861252
1 15 1 96141 599856
21 2 1 207549 438351
53 31 1 183949 736190
5 28 1 160744 264962
93 31 1 392499 587001
34 98 1 45380 276262
47 52 1 274869 501351
65 77 1 451163 664240
87 96 1 148565 647535
81 63 1 65385 978476
79 62 1 390653 408889
3 31 1 12260 12455
88 87 1 615721 832580
16 64 1 812 8669
69 91 1 780906 992686
92 68 1 179279 409162
53 54 1 506109 666410
30 58 1 135509 322986
17 84 1 346939 372252
75 6 1 6391 15036
70 8 1 350957 951526
65 68 1 213974 419605
29 96 1 265300 335641
77 16 1 325258 395315
19 66 1 119085 432506
93 56 1 83716 405528
42 77 1 490700 631069
63 75 1 383033 451614
1 18 1 449970 520203
36 23 1 272173 871299
32 68 1 202655 402907
13 6 1 3389 3557
9 94 1 433 2465
45 14 1 191516 529167
37 91 1 145608 239751
58 90 1 473924 935836
71 35 1 521361 950810
5 14 1 146642 783356
93 84 1 29881 48899
44 96 1 60456 987500
91 96 1 70833 484301
12 11 1 17091 108088
98 81 1 26865 170588
66 6 1 528478 715817
46 74 1 2151 99214
14 59 1 88261 220399
9 82 1 285570 416898
19 13 1 814292 851753
39 51 1 304807 936627
68 45 1 961982 980639
64 89 1 761548 963305
84 61 1 448243 641793
26 22 1 441712 489519
9 57 1 522960 655895
34 35 1 17270 104046
5 54 1 856493 875987
41 8 1 244626 355611
36 99 1 1420 98406
90 10 1 17824 887381
45 6 1 151964 725471
86 99 1 165 781147
13 22 1 19319 30999
89 17 1 151833 284827
26 86 1 216338 566504
47 14 1 298438 504257
54 5 1 757751 839362
8 1 1 5752 9971
92 12 1 67768 71387
2 91 1 188855 649102
43 31 1 161761 804323
17 30 1 21394 37505
35 92 1 6207 7066
11 46 1 418211 785165
82 69 1 23018 48192
93 61 1 102277 326428
13 17 1 423254 873185
2 94 1 21786 356984
44 59 1 326960 523314
79 66 1 121105 137349
7 16 1 37143 298601
49 59 1 31033 32255
84 96 1 67522 317487
28 39 1 144521 161388
58 81 1 298190 419660
68 65 1 269754 379360
28 42 1 491858 565624
29 6 1 443636 721512
72 17 1 158550 602426
59 40 1 558316 755217
98 5 1 17262 35584
41 93 1 130443 517846
49 72 1 46129 71391
97 7 1 81264 977675
87 71 1 330982 506829
98 41 1 187931 236026
53 87 1 22102 202562
32 75 1 184438 197928
50 29 1 124529 176891
79 62 1 118810 243888
68 10 1 1515 444647
56 64 1 145061 823821
5 100 1 51596 248672
56 72 1 154267 174406
97 11 1 152539 777148
72 13 1 114132 335951
11 30 1 452751 549823
99 8 1 85454 379572
63 50 1 45805 741020
73 64 1 781759 979889
22 30 1 188550 585302
81 15 1 513565 757817
40 42 1 401656 608786
21 52 1 388590 732545
68 77 1 781457 809693
49 4 1 14956 360023
93 3 1 10944 32210
63 77 1 88226 118459
68 39 1 338209 431918
65 51 1 119141 149610
63 98 1 34322 54651
96 64 1 90205 581888
13 81 1 8860 33075
74 4 1 401005 681768
66 9 1 213440 817914
67 1 1 255257 714291
56 67 1 144836 326153
54 38 1 68367 172225
91 90 1 217172 413336
26 52 1 634463 909544
32 80 1 18972 622214
29 9 1 326900 724167
38 31 1 419990 486809
91 20 1 254320 486060
91 18 1 286350 867506
49 89 1 35641 205927
95 41 1 43793 127781
20 90 1 137233 271946
16 66 1 75413 288777
27 58 1 286609 626959
74 42 1 530695 639359
43 7 1 375398 500989
3 100 1 504170 775532
3 85 1 97193 393955
93 94 1 27610 298765
70 47 1 452200 930034
65 86 1 108434 673973
22 30 1 6211 15814
60 80 1 248688 284902
74 2 1 318555 352012
54 84 1 167446 380218
61 93 1 147098 166159
10 49 1 240471 264518
29 88 1 14520 14584
33 19 1 642098 853440
22 52 1 296253 401730
92 62 1 35796 986895
45 11 1 614187 799490
77 94 1 639672 749687
60 26 1 55490 647189
72 68 1 18432 701977
85 2 1 895983 975059
60 16 1 766715 821787
20 48 1 710606 749639
82 48 1 253677 407505
87 49 1 493554 966191
53 59 1 82167 769863
59 41 1 92278 340807
34 27 1 210592 211012
51 92 1 410703 542164
59 37 1 295836 419173
31 48 1 885959 982255
59 70 1 158450 917613
66 13 1 148637 326462
48 51 1 67262 136809
93 12 1 163146 766494
4 88 1 363199 437315
98 66 1 74217 152900
74 22 1 110680 190694
56 33 1 434330 932928
89 81 1 22306 438954
77 93 1 184893 408310
49 7 1 164863 222032
82 44 1 743802 793636
16 32 1 37618 332204
69 20 1 11677 189715
3 36 1 379210 740846
9 97 1 148245 281482
91 21 1 569809 818894
67 71 1 100256 107142
45 21 1 39822 78806
69 50 1 810555 861467
49 54 1 401499 493750
60 61 1 393287 633668
38 25 1 484280 597876
73 61 1 125213 140004
59 67 1 61064 484650
17 30 1 162546 592561
80 94 1 431218 863557
18 75 1 88595 325311
49 69 1 88423 304075
61 53 1 246021 394934
71 76 1 296826 401161
19 9 1 52617 155689
73 72 1 3383 3732
88 85 1 14119 107830
71 13 1 83243 969022
77 80 1 20258 23122
1 32 1 594124 787546
15 63 1 363433 624662
27 31 1 46666 60508
80 92 1 346420 348745
8 69 1 46153 106754
27 69 1 137033 806638
18 66 1 250668 386028
67 83 1 52451 335813
33 85 1 195065 236040
33 31 1 425069 894187
24 63 1 127185 186755
60 81 1 210123 461800
72 12 1 20868 289222
70 94 1 99514 272302
76 96 1 687944 948752
76 62 1 550469 823463
94 100 1 4688 22890
27 87 1 22346 186260
47 92 1 174773 199913
72 16 1 52775 99592
27 89 1 72527 78599
38 95 1 239557 358809
25 64 1 30012 541753
16 68 1 570907 979101
95 85 1 184849 550611
19 4 1 142037 149583
95 38 1 105469 528492
63 72 1 31117 35356
14 21 1 245954 646444
72 65 1 809394 825796
40 58 1 142676 147184
23 64 1 211744 967079
78 59 1 482712 528082
62 47 1 395734 419345
98 13 1 2546 3362
6 43 1 18105 203802
38 100 1 18845 248289
65 74 1 669974 689306
14 59 1 43090 194657
85 64 1 514237 799194
39 28 1 118972 811467
92 94 1 288240 765200
19 22 1 82307 262353
64 63 1 60462 217111
3 95 1 25280 26485
56 95 1 174653 313831
96 64 1 186396 213224
25 60 1 48622 632378
62 15 1 428535 824061
19 38 1 499714 828760
44 62 1 250049 420401
54 92 1 640282 717134
46 26 1 625725 921406
44 90 1 675708 876707
72 52 1 192735 258588
14 3 1 814560 932129
83 89 1 19353 26401
73 53 1 827511 867328
5 92 1 275829 444534
40 99 1 13565 318419
84 28 1 37943 69498
92 7 1 338799 543332
56 75 1 139814 148289
28 6 1 513411 552074
1 4 1 20851 265130
26 90 1 16762 610554
31 35 1 151621 226503
66 67 1 318100 493279
44 52 1 144973 257188
66 17 1 114382 161014
94 15 1 2045 231303
69 36 1 603888 605999
22 6 1 85320 252716
85 95 1 61715 593295
29 1 1 124446 859791
63 1 1 51266 786946
19 70 1 342303 604362
3 70 1 192032 567654
23 90 1 571277 822276
83 23 1 597147 651131
15 33 1 417910 849139
68 79 1 264180 495436
20 74 1 124207 209331
69 91 1 234156 244494
28 79 1 231387 457253
79 46 1 581095 774856
37 70 1 631899 812150
64 16 1 11427 125008
91 73 1 177205 423457
90 76 1 33208 185468
99 63 1 124383 393149
68 48 1 407046 766623
61 82 1 306910 314981
90 72 1 3033 47481
62 25 1 411859 476042
45 57 1 176577 244974
32 95 1 662256 948947
65 23 1 88370 202574
23 36 1 233343 987450
74 29 1 179342 818836
97 61 1 166187 598042
52 35 1 45638 362374
1 22 1 39471 264691
11 10 1 197511 789154
87 98 1 272011 458832
42 22 1 306391 534662
85 48 1 165880 901343
33 15 1 294444 298457
14 18 1 738001 962855
52 35 1 107732 120936
90 70 1 179630 224294
68 31 1 243274 416993
1 91 1 228074 268576
98 91 1 660337 848473
13 65 1 259050 356336
68 24 1 83209 187153
92 18 1 43621 227629
80 11 1 443411 666792
32 4 1 31306 124965
71 79 1 434428 546018
9 87 1 383156 587943
10 25 1 208706 258855
36 47 1 244426 627285
19 78 1 490567 708020
54 28 1 311840 546446
49 4 1 221866 766576
37 26 1 92887 857867
69 1 1 14365 59925
80 33 1 1345 14950
100 86 1 53730 98199
38 59 1 230052 259134
4 66 1 24926 33053
53 86 1 26633 30476
40 56 1 7899 82590
99 45 1 70131 279019
6 3 1 65248 374219
35 67 1 121715 420621
50 40 1 471346 558430
74 56 1 394979 759129
84 44 1 241451 303801
42 24 1 268601 527388
53 10 1 258989 276924
71 32 1 99480 570375
70 35 1 254442 709868
46 42 1 46080 416031
1 39 1 172307 193438
78 83 1 314521 757338
100 22 1 26613 144148
79 21 1 69069 908785
66 85 1 32127 42280
67 48 1 62292 420974
22 24 1 10278 14524
38 79 1 431737 490033
97 95 1 52793 533919
38 28 1 196670 258241
12 32 1 432897 599609
49 34 1 93087 890712
15 14 1 147937 319950
46 22 1 1148 3907
36 48 1 321423 386844
7 42 1 29310 189865
6 44 1 340048 633676
7 82 1 12743 13462
4 73 1 41752 255857
10 7 1 960511 999849
83 28 1 296702 348326
21 10 1 355767 395103
91 41 1 435514 966236
10 25 1 627660 914675
61 27 1 17831 205177
68 55 1 2745 163943
76 56 1 41784 120753
27 16 1 341341 704003
24 84 1 639270 712062
9 89 1 349721 836606
95 93 1 277051 391024
89 28 1 196595 296744
37 12 1 33252 210365
48 26 1 344924 940206
91 74 1 125455 362273
33 31 1 95776 984171
85 58 1 612203 932049
59 75 1 229477 822865
85 28 1 28504 545128
33 72 1 857209 945374
33 19 1 268139 662555
95 10 1 297313 704165
17 53 1 152950 301193
7 63 1 307032 384941
19 45 1 535399 551643
98 84 1 498995 754218
74 99 1 50807 215744
94 18 1 205171 466080
73 88 1 607957 940375
80 58 1 7256 42966
16 42 1 754043 827578
77 6 1 14456 194291
80 56 1 135743 274351
45 87 1 3511 311008
99 34 1 163235 275509
12 40 1 56983 105333
53 89 1 62627 109308
77 92 1 986285 989153
33 70 1 6780 779104
78 9 1 23682 103954
44 27 1 62716 225243
14 37 1 119063 135796
70 100 1 90913 609139
70 47 1 60845 568856
81 58 1 141001 687268
10 53 1 20787 608364
3 55 1 178537 959947
54 83 1 85367 263414
24 66 1 205537 247531
88 18 1 584181 972198
13 7 1 526936 863072
39 26 1 564444 977046
67 22 1 98333 619554
72 58 1 185653 681046
83 38 1 487771 600476
10 70 1 169869 605834
1 70 1 280 423982
37 17 1 6814 237776
94 40 1 804779 909255
1 68 1 398622 854985
78 84 1 2083 3197
76 84 1 34576 730389
100 60 1 140773 420028
3 82 1 61132 230167
89 37 1 149871 268903
56 77 1 774889 801509
74 20 1 933165 959873
24 89 1 216341 230107
38 51 1 172571 202789
19 52 1 202786 397671
86 45 1 954183 955228
1 25 1 256357 462347
83 90 1 118091 795165
99 46 1 483271 617104
18 100 1 392507 398854
39 74 1 6302 64620
8 72 1 507 211833
37 67 1 43361 150148
89 33 1 144744 545870
11 26 1 276758 565391
86 24 1 12163 171973
55 45 1 18322 30203
82 69 1 520112 739982
57 74 1 424935 542469
6 1 1 428752 509394
1 82 1 83962 113103
65 87 1 185938 942371
31 45 1 4147 4708
50 73 1 369316 586251
29 24 1 542851 911059
79 21 1 318699 530821
10 16 1 17764 18861
91 6 1 485990 816071
98 73 1 53254 161250
71 78 1 635342 886717
22 61 1 82481 97120
1 23 1 313641 444577
14 68 1 508320 588612
27 84 1 662789 667793
95 91 1 16994 682546
10 69 1 313251 925907
21 45 1 156554 406407
81 77 1 723676 810257
81 5 1 456229 471767
80 74 1 373261 573577
97 42 1 508518 770967
82 69 1 136795 507246
61 40 1 6566 21579
76 18 1 316221 960240
77 71 1 95216 151090
19 7 1 186569 305675
35 15 1 313053 365667
5 39 1 171945 272187
3 58 1 437171 515605
65 29 1 84950 85607
3 25 1 329188 400305
90 12 1 207971 564501
89 96 1 157162 282608
38 15 1 428168 940241
94 31 1 152418 528985
28 64 1 5543 369949
23 73 1 130966 172771
65 52 1 342129 412926
49 28 1 856612 966389
70 17 1 500477 706598
85 35 1 6731 756457
43 16 1 407736 419398
58 88 1 178885 211196
70 4 1 470831 728625
59 72 1 200469 286225
1 8 1 673236 808548
53 12 1 91546 131309
23 88 1 185321 707956
95 57 1 303081 347275
75 34 1 284802 361916
63 83 1 202683 884929
45 54 1 28377 121889
24 6 1 17981 89670
59 66 1 725980 830465
22 7 1 25413 26303
88 43 1 63491 140586
66 37 1 264968 613709
19 50 1 460948 638396
56 33 1 59522 395751
14 22 1 245465 402956
13 41 1 673669 852282
80 43 1 11430 56190
78 59 1 56261 284462
92 41 1 101526 918510
73 59 1 233897 890133
40 37 1 137307 754826
29 1 1 40326 145208
34 20 1 206831 723362
54 37 1 464757 692800
87 54 1 84583 110926
75 4 1 174697 990686
62 78 1 88708 175752
91 54 1 299632 964780
91 45 1 632777 666435
84 90 1 381867 969760
92 95 1 89190 169791
87 85 1 446238 869134
21 98 1 284088 295845
60 22 1 357686 497943
92 60 1 546062 850464
13 46 1 450180 904328
26 23 1 349544 469980
87 51 1 355966 702351
66 14 1 38874 905895
85 26 1 185579 651724
47 66 1 275902 549342
17 85 1 613740 627421
66 99 1 347381 928392
11 35 1 10372 16744
17 24 1 43 695
76 25 1 36984 300037
8 74 1 205885 672796
2 13 1 17937 392317
69 53 1 603177 869527
42 59 1 402671 462384
80 40 1 655766 987488
89 66 1 56726 520335
82 43 1 134009 442540
87 10 1 2775 588162
93 70 1 103611 116337
84 53 1 24544 32870
53 89 1 164199 610528
83 11 1 343258 642747
77 53 1 131546 543646
13 88 1 18004 948797
48 80 1 649679 677801
47 76 1 148674 294756
88 67 1 311564 799647
72 84 1 56628 120906
18 99 1 62134 850961
83 46 1 26490 438015
58 42 1 159741 724471
77 74 1 21830 55808
16 34 1 152985 937439
45 47 1 31759 224635
59 46 1 145107 611001
26 35 1 192133 239349
75 73 1 367516 889784
42 9 1 128099 142076
12 97 1 19510 171360
50 44 1 443316 629189
92 33 1 2349 80452
77 5 1 625680 865522
34 87 1 608725 831622
32 49 1 340488 689439
7 68 1 354817 376396
92 49 1 122684 420078
21 84 1 191174 337773
63 8 1 238005 523886
58 49 1 5374 67879
19 47 1 110140 170399
94 3 1 503312 893838
46 84 1 48897 946522
12 13 1 510801 715042
90 76 1 28551 843406
13 80 1 189690 907697
7 92 1 281826 360439
15 45 1 77007 235867
16 26 1 82843 114501
48 21 1 490940 591286
71 35 1 779331 807768
6 8 1 367959 418125
12 46 1 166722 564181
18 90 1 482143 818142
50 16 1 16935 424793
67 2 1 31909 128784
85 40 1 18850 43116
26 39 1 754899 848612
81 17 1 12496 106625
72 84 1 532115 939983
53 87 1 260540 478160
13 9 1 663353 849141
80 45 1 80540 119948
19 59 1 257398 346412
6 75 1 283414 351337
31 66 1 325547 715239
52 87 1 39191 299070
64 35 1 142435 741383
40 18 1 14197 253623
58 45 1 826184 932565
37 89 1 88867 241898
16 61 1 38289 81679
27 11 1 84114 954269
20 34 1 2652 25927
49 5 1 119611 842283
80 62 1 242202 350763
72 4 1 663631 701026
23 46 1 104909 231991
85 1 1 110039 246813
15 97 1 83763 727492
66 72 1 152389 193068
53 88 1 63183 560636
99 57 1 38145 705710
15 70 1 186311 330433
3 9 1 749861 758032
30 7 1 476415 838180
67 56 1 531297 752743
92 51 1 186854 509091
87 16 1 139833 222048
23 85 1 69561 71338
12 4 1 378656 648158
4 100 1 6948 9961
14 7 1 222668 306745
33 89 1 662714 844708
98 24 1 58967 895755
24 95 1 107458 657207
60 85 1 113422 175978
2 25 1 507434 510988
58 51 1 379097 532731
92 45 1 35298 733592
54 99 1 5185 5756
7 84 1 4098 733621
90 63 1 30132 320542
32 56 1 90853 266000
32 74 1 368683 747523
87 10 1 84821 899385
86 11 1 144377 602963
93 23 1 216001 280517
85 48 1 48844 212896
66 10 1 690145 731596
96 50 1 139435 288052
59 76 1 262832 503535
7 11 1 464884 480690
7 73 1 302241 399492
42 25 1 140424 140780
47 79 1 7852 24636
5 22 1 449084 916314
90 32 1 69839 80108
60 14 1 148110 830607
3 96 1 473682 611316
7 29 1 143817 716220
88 46 1 190683 983309
49 50 1 178819 183940
44 74 1 93180 798908
89 97 1 182491 242730
8 29 1 693153 887124
81 56 1 172036 227042
81 98 1 82464 125130
97 100 1 282754 904208
81 37 1 350962 730761
44 22 1 470153 487746
67 43 1 724590 985964
22 18 1 277652 497621
86 36 1 151627 291497
43 53 1 367658 464384
42 16 1 436911 577784
57 86 1 175644 250723
45 95 1 399651 493996
80 35 1 23562 28833
68 34 1 607572 938677
32 100 1 301524 758590
7 55 1 3911 54504
29 53 1 581655 601102
8 69 1 124167 691391
45 55 1 50159 166600
69 92 1 536208 610172
34 61 1 82954 223077
72 95 1 555036 623650
99 84 1 15279 274401
32 73 1 5301 312987
83 5 1 759940 957670
6 60 1 110690 823944
43 27 1 240837 510012
14 32 1 147815 648203
76 31 1 73796 85601
56 68 1 27917 62891
53 98 1 390 203556
84 2 1 123426 910033
16 92 1 452736 522697
88 31 1 122370 623415
34 35 1 263836 799001
85 69 1 36226 38337
16 58 1 617904 759937
5 93 1 453236 578917
26 48 1 1791 51374
36 27 1 153848 953300
59 21 1 31400 518767
85 1 1 121891 290182
36 29 1 64500 135227
17 34 1 75800 103364
10 1 1 596138 871095
60 67 1 22196 45709
16 65 1 287982 925216
63 37 1 190537 259912
41 33 1 681697 821874
43 51 1 485948 646123
63 49 1 14047 208129
94 51 1 241736 661811
79 21 1 114739 344765
31 78 1 483854 770773
6 57 1 67500 178175
36 35 1 431380 712808
90 32 1 32221 936207
79 76 1 88556 306077
85 73 1 350681 775205
44 67 1 40782 172899
59 71 1 87542 131529
43 73 1 883690 903472
1 70 1 46561 145645
23 31 1 43955 52569
4 68 1 47702 200590
79 75 1 427826 708165
83 42 1 110289 582369
70 26 1 202369 591162
70 62 1 115745 202108
84 62 1 534417 733615
24 79 1 10156 27845
79 57 1 80668 765101
67 51 1 24825 121740
75 61 1 206388 741026
83 54 1 11449 13612
31 13 1 7256 166250
100 71 1 138277 883876
88 100 1 352368 457203
19 93 1 130381 132471
17 49 1 43582 521279
50 55 1 2817 246142
10 20 1 413721 962945
72 49 1 96763 116914
27 43 1 734735 892921
19 55 1 39805 285420
75 90 1 679580 686406
22 31 1 71683 137681
17 49 1 946928 990131
50 78 1 364045 581098
77 99 1 165663 476612
35 89 1 295932 383148
98 59 1 567535 573066
24 58 1 231068 528493
27 61 1 314591 389163
86 59 1 230586 294815
89 90 1 294904 473419
15 68 1 62962 108224
92 87 1 81461 965356
28 74 1 188666 244664
49 5 1 344410 844738
92 1 1 805534 908175
41 60 1 449218 855727
65 20 1 8493 906558
42 54 1 371675 810612
79 69 1 165318 229903
5 34 1 95763 262401
25 98 1 189398 211167
61 67 1 101762 712874
22 21 1 265982 993560
1 17 1 182084 977005
85 31 1 404646 426599
82 1 1 3218 105633
61 33 1 21763 36222
30 77 1 513732 687579
81 70 1 190596 225814
64 37 1 658131 675816
30 91 1 99037 808784
95 63 1 34048 805560
88 7 1 38894 110274
97 98 1 216995 597081
57 1 1 215825 676377
6 27 1 23616 27743
58 18 1 511015 578687
69 88 1 20086 137279
