100 2000
84 63 0
36 37 0
20 53 0
31 62 0
81 72 0
21 84 0
73 84 0
46 94 0
95 65 0
60 84 0
65 80 0
60 40 0
31 25 0
42 86 0
32 14 0
15 4 0
89 70 0
10 70 0
13 90 0
91 78 0
17 11 0
4 12 0
21 6 0
3 18 0
14 95 0
69 39 0
51 30 0
29 28 0
3 62 0
36 55 0
51 100 0
80 22 0
95 15 0
30 35 0
30 13 0
5 83 0
27 54 0
66 28 0
53 66 0
24 73 0
48 60 0
75 31 0
6 20 0
14 9 0
2 56 0
9 95 0
52 84 0
66 28 0
18 29 0
21 55 0
52 73 0
62 13 0
16 41 0
82 83 0
50 11 0
25 12 0
44 20 0
20 92 0
71 10 0
31 58 0
58 46 0
28 64 0
67 66 0
5 33 0
74 15 0
3 20 0
19 92 0
73 77 0
80 10 0
90 83 0
41 50 0
87 38 0
72 58 0
48 97 0
66 68 0
61 100 0
24 40 0
1 91 0
66 96 0
67 95 0
93 25 0
35 77 0
14 36 0
18 5 0
18 44 0
39 23 0
22 62 0
97 54 0
55 92 0
6 45 0
96 7 0
55 92 0
94 57 0
33 13 0
94 12 0
34 52 0
42 54 0
95 38 0
66 49 0
1 14 0
7 53 0
30 44 0
13 7 0
79 27 0
60 62 0
90 50 0
36 48 0
88 59 0
90 100 0
83 86 0
56 57 0
51 65 0
59 96 0
10 2 0
78 5 0
23 35 0
99 66 0
77 9 0
81 20 0
100 84 0
54 22 0
100 42 0
50 20 0
10 76 0
100 34 0
72 93 0
20 14 0
44 98 0
47 27 0
89 60 0
14 18 0
12 81 0
37 51 0
67 60 0
46 40 0
72 65 0
30 84 0
76 17 0
11 64 0
38 85 0
66 34 0
47 62 0
60 36 0
87 30 0
21 47 0
49 3 0
90 5 0
77 66 0
48 27 0
49 57 0
61 30 0
55 40 0
12 79 0
70 50 0
13 48 0
22 64 0
97 83 0
83 28 0
32 60 0
15 83 0
37 36 0
1 62 0
47 21 0
90 83 0
12 98 0
38 57 0
38 63 0
82 35 0
14 71 0
23 19 0
13 84 0
88 27 0
9 16 0
30 99 0
27 62 0
66 5 0
78 30 0
34 42 0
23 25 0
17 67 0
73 22 0
92 40 0
39 55 0
89 79 0
58 15 0
32 13 0
99 20 0
70 16 0
54 48 0
86 91 0
26 86 0
16 92 0
91 94 0
22 94 0
23 39 0
91 60 0
93 57 0
57 96 0
39 45 0
47 41 0
18 16 1 277607 504380
1 22 1 465870 523632
15 69 1 521017 648663
96 38 1 291784 384105
52 87 1 221297 285630
90 68 1 27499 113925
38 20 1 556712 561186
48 69 1 127777 399107
67 64 1 40836 225206
18 34 1 525760 548188
79 53 1 192745 501863
78 49 1 305123 329502
85 16 1 173087 542614
75 80 1 456360 653832
88 76 1 462722 487197
75 22 1 502986 696254
52 87 1 262191 891005
78 70 1 121146 349734
34 73 1 404372 858611
42 91 1 87557 617552
69 60 1 278939 659879
17 76 1 241074 356579
59 47 1 299386 310019
69 70 1 560155 766782
43 69 1 57237 669604
1 45 1 118545 119478
99 32 1 573751 783221
39 88 1 732585 743646
41 79 1 474441 501231
10 46 1 62279 91037
25 32 1 206568 575403
80 52 1 143104 518173
80 88 1 29067 35328
84 22 1 3931 42488
81 69 1 76162 774354
4 13 1 813870 829339
93 86 1 107519 166267
16 4 1 22104 219089
53 6 1 516068 700810
7 9 1 144850 996423
66 12 1 32536 430295
73 90 1 806424 986945
35 18 1 23973 41978
39 77 1 829692 854200
74 41 1 4773 28853
4 34 1 20480 24287
1 36 1 7957 191595
99 21 1 106893 895647
42 100 1 795017 919465
18 95 1 225667 259945
58 40 1 586324 880347
87 27 1 244887 734855
44 29 1 164288 470996
81 53 1 2633 512277
99 40 1 676872 921777
17 76 1 60050 140436
13 4 1 114563 957363
4 69 1 384205 774856
86 88 1 632086 762433
16 88 1 105436 548474
5 25 1 55389 404544
2 93 1 66018 69110
7 87 1 515501 568439
65 63 1 222020 936777
52 29 1 132979 146929
8 3 1 155168 535596
30 21 1 177185 283562
69 29 1 459766 538133
73 80 1 265812 309227
63 2 1 66279 458349
79 100 1 507164 971555
41 48 1 138665 483365
47 20 1 271432 419589
41 82 1 32593 359863
32 9 1 311106 558720
71 87 1 509808 702848
92 20 1 87786 173488
89 48 1 617796 639214
82 25 1 16385 49011
44 49 1 141838 543463
97 60 1 95907 336027
62 50 1 238800 765698
96 13 1 51550 817685
50 45 1 238462 647509
98 45 1 119233 146843
97 13 1 563778 889894
23 66 1 71052 184827
60 93 1 109219 876877
36 29 1 375501 422476
97 50 1 114856 570532
97 50 1 82004 496429
76 54 1 670553 889411
92 27 1 734832 909316
44 26 1 39435 67139
93 68 1 311026 502304
62 70 1 295097 613611
7 72 1 591842 632753
51 84 1 101504 163973
93 9 1 920526 938948
42 70 1 40591 235972
99 92 1 25986 384419
36 95 1 26902 364741
42 72 1 525703 746222
7 100 1 5581 43928
11 63 1 489685 866902
7 28 1 38573 52372
62 5 1 84464 122931
53 74 1 19676 236704
26 17 1 137309 522665
84 43 1 842531 944411
68 17 1 90908 483080
54 18 1 202420 206483
81 30 1 21463 22932
3 4 1 98167 796800
90 77 1 119771 220710
5 68 1 44701 68289
87 1 1 556003 869884
10 31 1 642902 673848
92 33 1 131934 651311
48 14 1 544702 835653
33 16 1 700854 853437
23 46 1 467935 645852
9 13 1 872 1220
62 60 1 126463 185881
61 41 1 459253 531261
14 23 1 35063 46485
86 82 1 460142 708976
42 35 1 325958 467369
36 11 1 612711 896637
5 28 1 11493 19681
86 31 1 174807 722151
3 28 1 8885 200275
81 20 1 233250 912988
100 75 1 146069 382577
96 14 1 127039 657547
77 50 1 312866 857979
70 88 1 2234 55386
72 1 1 150585 508512
79 46 1 121299 439480
3 84 1 586558 825888
26 20 1 10668 839080
33 88 1 60103 66507
19 84 1 212952 708813
19 92 1 137217 657706
35 17 1 438417 978488
99 68 1 478872 652948
20 87 1 3335 115838
45 83 1 78981 277066
27 83 1 19379 92248
21 75 1 24504 993346
71 54 1 187056 277205
41 36 1 175848 317124
32 31 1 146746 680233
31 37 1 51097 333752
63 72 1 11189 561485
63 54 1 49201 125475
98 42 1 809385 878387
28 65 1 7934 126743
28 92 1 42595 132051
24 13 1 188917 240384
27 1 1 1714 731017
79 50 1 232762 349162
23 16 1 230754 718046
52 80 1 24709 80219
6 86 1 256505 266377
37 73 1 285011 616035
69 47 1 129844 763894
80 20 1 97977 472176
50 5 1 140443 641407
41 12 1 241987 292832
37 6 1 187300 903029
62 95 1 9751 531144
71 67 1 511268 536371
74 15 1 68661 298361
14 80 1 234550 915680
11 97 1 244364 419710
18 99 1 759168 986351
19 10 1 157212 293874
20 40 1 449564 780451
49 40 1 11751 20121
38 9 1 104981 461263
81 6 1 200237 795953
8 54 1 19443 870050
50 15 1 26883 950375
64 83 1 13192 350486
18 25 1 312712 468403
22 71 1 75702 407709
22 73 1 597605 795763
79 80 1 434987 458826
9 11 1 212332 748513
82 11 1 621155 957479
80 79 1 522122 663977
33 11 1 117969 303271
50 59 1 424002 888421
97 40 1 20456 168588
100 75 1 314138 950271
9 86 1 197326 370253
92 75 1 303711 387056
9 35 1 370321 872539
88 95 1 153331 454269
96 6 1 28304 74362
22 63 1 142272 173023
23 1 1 62982 118079
10 77 1 448060 529781
25 39 1 466589 526796
64 58 1 527149 757775
9 92 1 186404 412477
49 84 1 308451 311517
98 90 1 543949 984481
78 100 1 640824 770902
60 30 1 210116 338662
97 58 1 48964 83789
71 9 1 7306 18899
74 47 1 215727 353433
63 64 1 160799 589215
31 89 1 803 1879
87 2 1 281273 419718
1 77 1 594243 737900
96 91 1 152466 492367
63 70 1 839944 860343
85 99 1 264377 280048
17 98 1 362513 607727
15 60 1 420770 539219
19 79 1 216544 362302
40 58 1 55213 287861
20 76 1 89957 749357
3 79 1 138344 350292
100 44 1 124319 211029
39 23 1 75418 452249
1 72 1 216744 401283
34 65 1 147787 299781
97 23 1 57817 223406
65 48 1 171684 345243
48 74 1 456525 517034
35 23 1 338434 562766
10 27 1 72774 103911
58 64 1 428728 759639
100 47 1 376168 710324
66 86 1 281691 428845
1 59 1 117037 777567
87 89 1 160927 233322
10 40 1 749853 813998
20 28 1 64027 160560
25 13 1 145906 616459
36 97 1 176670 768709
41 85 1 32749 208054
15 39 1 522042 734733
67 6 1 535014 554161
1 63 1 120771 369871
20 16 1 133418 313487
95 58 1 191341 193989
83 43 1 156306 179404
20 71 1 133115 151561
86 60 1 321624 368013
13 5 1 1385 8779
62 63 1 64234 80846
23 7 1 156981 591958
57 26 1 437492 635175
75 73 1 52486 245188
72 16 1 571119 732246
8 84 1 136444 904795
67 12 1 520756 705635
4 10 1 109777 214546
67 63 1 233290 623811
59 80 1 669119 692134
36 3 1 163529 290561
77 34 1 593160 647359
53 44 1 603066 703026
34 46 1 375210 585790
89 46 1 355668 971483
45 23 1 1848 194160
27 98 1 29122 83166
30 48 1 6051 279360
55 94 1 213031 309847
3 8 1 191031 191382
47 79 1 333283 398400
97 79 1 50176 877165
66 60 1 4347 5529
65 77 1 534978 989721
70 51 1 224224 866017
22 6 1 60502 63878
28 68 1 225525 939596
93 83 1 62115 80877
35 97 1 81527 242223
35 38 1 228784 272417
72 7 1 59747 559195
20 30 1 287624 295430
38 51 1 73063 164204
88 12 1 389984 561981
57 52 1 88522 220424
5 78 1 392028 675270
6 92 1 727592 847585
70 19 1 124162 150571
79 45 1 692752 946387
42 61 1 374360 547356
92 24 1 21087 91124
25 84 1 471919 539002
39 86 1 607985 673644
54 19 1 688231 814514
76 96 1 179 78545
86 41 1 436283 854534
11 57 1 539411 879084
98 30 1 281611 342660
22 59 1 432660 537623
53 77 1 183122 383380
69 36 1 701887 978110
43 94 1 6340 56681
69 47 1 63406 659205
19 34 1 110260 173005
6 2 1 9927 88932
72 16 1 77139 115742
41 78 1 727816 926724
71 64 1 426414 999960
60 96 1 41497 522698
53 73 1 69209 262110
21 9 1 310591 820490
2 17 1 49966 137553
4 44 1 436483 759060
89 66 1 212403 694544
49 78 1 177208 222691
47 93 1 112285 511851
88 57 1 57656 67450
30 32 1 378525 616415
10 41 1 724214 724374
15 62 1 300628 811920
99 73 1 725930 827752
5 46 1 912134 969051
18 20 1 286552 505361
85 42 1 55605 308478
14 72 1 525935 827201
76 11 1 788509 904491
40 65 1 328633 352772
41 3 1 145466 154418
62 26 1 33535 169230
59 74 1 12974 104173
76 14 1 328863 641808
59 92 1 310424 833742
9 93 1 235420 336821
72 29 1 646237 798027
2 51 1 8303 626223
17 35 1 29607 245514
1 32 1 45146 89272
61 4 1 41416 998362
78 16 1 356962 723946
89 8 1 78952 169518
6 55 1 338512 684516
18 96 1 83762 519148
52 95 1 126474 416104
90 79 1 11081 684049
84 30 1 531371 745140
1 16 1 88886 321056
7 40 1 33948 383979
30 67 1 320811 518421
36 56 1 171768 430001
35 44 1 13024 86250
41 58 1 124937 606622
26 35 1 376224 955255
42 79 1 426126 771884
27 99 1 4696 14113
35 36 1 41931 68591
71 90 1 359628 441620
7 43 1 633060 843636
84 85 1 76802 292325
20 1 1 187089 399218
3 56 1 540209 673965
100 76 1 146518 716723
44 4 1 4583 64124
29 73 1 759754 971286
17 90 1 121484 271190
55 100 1 704626 731081
7 57 1 862502 940639
36 15 1 13998 15874
81 21 1 298941 336514
81 67 1 119379 884150
93 56 1 392757 612539
7 56 1 104218 365923
62 89 1 508528 808371
30 77 1 697645 998062
48 62 1 1538 223178
36 26 1 126287 257896
78 76 1 4349 4794
11 81 1 403168 553970
38 21 1 765391 903422
64 15 1 544116 569399
80 6 1 212053 320475
42 71 1 28138 41229
88 24 1 3653 37166
76 95 1 416674 533947
71 84 1 52866 65508
20 6 1 38572 82469
77 47 1 194627 645680
31 4 1 68547 682442
17 56 1 941116 962920
64 9 1 734804 756684
4 49 1 538012 648555
85 94 1 98161 114833
51 64 1 5622 34973
1 15 1 175308 393861
96 82 1 601941 921295
13 90 1 412277 812723
52 18 1 464735 909698
50 85 1 660722 885755
40 14 1 35399 63889
68 78 1 20462 148774
24 80 1 112110 767154
62 2 1 104515 376327
33 9 1 332452 644018
30 61 1 81141 210622
65 36 1 351596 824830
89 88 1 1742 36924
18 65 1 336515 336549
67 20 1 220599 648074
59 72 1 191565 978113
26 45 1 12644 175700
67 40 1 378173 643922
90 59 1 550886 634338
22 58 1 618058 668781
64 31 1 97027 450356
13 31 1 161654 258315
25 46 1 490511 546949
30 67 1 136527 227408
22 72 1 340023 652850
48 12 1 315090 551461
20 17 1 215177 239237
2 63 1 307098 810051
42 22 1 33255 85378
91 60 1 446196 763446
61 23 1 203291 289812
82 86 1 667515 771914
68 66 1 176421 220698
94 8 1 55429 71829
16 74 1 139218 198736
27 23 1 124855 370290
64 57 1 74578 479105
30 89 1 218757 557965
28 78 1 85940 140896
90 73 1 77198 110737
89 79 1 396081 934646
55 33 1 43409 474345
89 99 1 367794 873951
56 26 1 400424 504962
11 90 1 2696 760345
21 84 1 499734 917851
60 25 1 594328 719500
100 30 1 699132 716070
13 69 1 369167 877209
23 84 1 18822 774461
41 17 1 706259 975910
79 81 1 320975 453171
96 16 1 420212 708334
79 58 1 645394 718869
82 4 1 128344 214692
27 2 1 22071 158083
93 69 1 374486 538958
85 75 1 486980 504413
15 86 1 86211 563639
61 84 1 446847 469123
13 48 1 143118 179994
34 22 1 534012 905101
71 52 1 279998 480405
89 61 1 488777 517939
68 78 1 115154 479652
13 63 1 114141 157018
17 99 1 274453 796441
6 92 1 250452 349491
29 79 1 505497 941493
32 3 1 144759 244079
65 1 1 889269 901711
23 81 1 205688 806933
15 58 1 207089 551380
96 36 1 7646 8468
57 41 1 501286 902797
23 99 1 14480 65112
93 12 1 152998 692939
87 53 1 153351 259650
90 10 1 503461 664229
2 25 1 139886 422545
67 71 1 122578 328443
45 55 1 146104 158807
14 36 1 410858 569216
45 75 1 248014 293428
53 10 1 110209 607199
39 58 1 59159 431750
88 6 1 501327 703062
42 27 1 53366 158108
86 100 1 25164 446077
50 97 1 289262 433378
45 27 1 317994 869787
4 72 1 211068 414331
44 60 1 6488 8485
17 8 1 267582 562517
17 60 1 93300 154335
73 7 1 129111 535128
68 86 1 263859 627126
34 44 1 681944 946687
83 68 1 832309 893795
6 81 1 298798 439232
83 59 1 16552 913871
6 89 1 150259 297534
74 84 1 230309 763790
56 55 1 22506 283572
78 20 1 16040 435930
62 98 1 9096 446444
88 44 1 434432 662840
70 77 1 110996 299672
78 88 1 270737 755672
46 72 1 277621 897587
53 39 1 102743 806782
19 87 1 41357 925289
13 35 1 45118 118323
22 96 1 10491 77727
39 85 1 35093 103645
77 14 1 43207 296315
36 52 1 619411 918102
43 22 1 334285 656383
67 64 1 230529 460689
82 94 1 77268 520424
50 72 1 184076 469600
61 85 1 904534 974719
10 69 1 90599 347423
11 22 1 256660 330585
10 82 1 11727 32039
82 91 1 77277 154214
91 32 1 52422 507750
59 47 1 135879 211754
2 96 1 17159 43548
64 56 1 193633 286789
37 24 1 766418 867037
50 100 1 195756 434917
92 71 1 6031 12064
29 21 1 370387 491006
31 70 1 126536 134275
21 63 1 416695 632709
9 43 1 150442 184483
96 24 1 57328 202557
4 35 1 98377 410023
49 53 1 270694 737362
62 79 1 424036 669081
72 10 1 220963 446381
82 8 1 154707 286119
48 56 1 686168 861897
6 94 1 253171 458789
1 10 1 303941 555421
70 61 1 5923 64911
56 14 1 607813 608279
71 39 1 225394 422071
42 40 1 333243 979895
68 7 1 12022 28936
79 25 1 57524 569977
80 39 1 369786 752548
40 81 1 119876 484703
14 16 1 437576 771714
60 4 1 458196 651318
40 2 1 35667 215631
28 57 1 497518 841658
27 37 1 1901 958276
52 53 1 298559 918388
100 37 1 549410 790078
79 8 1 559964 876946
82 60 1 386049 881312
76 91 1 357140 671581
68 25 1 18725 53991
68 97 1 34964 93309
86 37 1 584174 695444
9 33 1 128346 130940
32 60 1 54508 423372
36 69 1 400255 573861
21 42 1 3771 10904
68 70 1 493259 823628
57 36 1 147598 694407
5 84 1 422305 694833
1 7 1 160133 537864
29 63 1 36687 715696
6 24 1 111907 710220
82 56 1 327198 551568
97 10 1 56510 213145
72 41 1 207375 497760
85 30 1 110093 814500
18 60 1 544210 809729
9 6 1 62307 398113
46 69 1 72922 85509
66 78 1 446749 735708
78 1 1 721352 804892
41 94 1 550047 589690
69 46 1 674706 864046
2 64 1 260869 276875
42 89 1 298969 322617
54 51 1 46059 445942
73 48 1 366862 943918
47 92 1 343710 590747
69 18 1 850161 960663
32 90 1 128272 363917
4 100 1 48159 56709
63 20 1 67906 486237
9 48 1 33053 144869
44 99 1 151741 910455
39 66 1 259985 860261
64 32 1 191860 356206
77 29 1 483570 985464
10 45 1 234546 551429
11 33 1 137645 223703
36 47 1 218096 963931
37 14 1 194741 654369
30 93 1 272995 390712
19 17 1 49120 93118
25 73 1 224356 330446
1 78 1 95941 159428
58 33 1 493640 527151
54 49 1 154593 191798
12 71 1 290316 558236
16 61 1 222930 604534
88 33 1 517 559
78 72 1 14044 33688
100 71 1 331614 728279
92 8 1 63515 472825
22 11 1 668644 876734
53 79 1 31414 53237
5 98 1 702834 801927
4 76 1 284245 365917
82 8 1 600035 861039
98 85 1 139788 447509
89 29 1 16801 136576
37 77 1 342564 948464
12 15 1 63954 256080
45 18 1 261097 277076
22 63 1 421598 606068
86 74 1 42093 156226
17 97 1 188021 941198
90 29 1 519270 851889
49 99 1 38475 266789
8 43 1 15696 51824
35 86 1 108036 194688
96 39 1 284539 935106
23 90 1 84867 105886
83 21 1 256705 907321
82 30 1 263022 533258
20 9 1 14583 108370
51 25 1 552275 630534
53 57 1 479793 970608
63 54 1 406198 900784
94 59 1 20703 146690
95 81 1 478130 668781
94 29 1 27184 48138
84 63 1 526090 905894
25 81 1 150241 480098
17 16 1 563922 691898
26 64 1 290882 937598
81 84 1 4944 12323
27 23 1 28217 28713
64 73 1 80866 173985
59 67 1 156064 496361
66 63 1 202346 274883
75 35 1 163973 543808
86 28 1 840324 990749
19 37 1 48296 241828
87 22 1 25536 213730
43 85 1 212415 288412
100 94 1 163957 304371
66 49 1 610359 767368
91 28 1 219734 666432
22 34 1 367948 402138
56 7 1 160413 924775
5 90 1 671074 704154
13 11 1 112142 300238
11 47 1 7407 30217
10 64 1 207387 244079
93 74 1 583159 817388
10 6 1 16467 18022
3 23 1 4537 228022
28 57 1 28659 80814
40 57 1 20945 765633
70 29 1 180032 672196
100 7 1 687539 945836
48 83 1 8021 14324
85 94 1 237184 563510
28 20 1 421337 437110
66 41 1 353451 876962
100 97 1 454817 704494
14 97 1 639369 885284
54 51 1 71302 468961
32 48 1 128720 953913
19 1 1 67701 219140
94 63 1 122907 981712
68 36 1 92217 783600
92 23 1 302060 329259
23 38 1 141135 541172
45 80 1 336997 425494
32 18 1 430312 711494
19 9 1 124772 243422
13 52 1 86044 585359
88 12 1 145482 156551
27 49 1 251030 327398
7 81 1 66098 569838
70 59 1 14122 435433
64 16 1 143317 314512
41 97 1 287341 408877
22 50 1 24707 295470
95 79 1 181315 582774
99 81 1 10651 122738
27 65 1 27665 48874
3 39 1 3641 78414
55 83 1 155630 787668
5 85 1 479282 534903
91 7 1 102291 314614
21 64 1 170142 552003
54 83 1 625851 678463
3 82 1 286474 488899
7 96 1 401871 705286
58 78 1 308564 358002
83 55 1 164507 689664
62 65 1 86765 187157
50 84 1 201840 995806
64 39 1 16402 25560
93 97 1 294454 442732
30 33 1 240203 494393
56 32 1 121272 938630
100 3 1 135928 774228
67 99 1 69794 104591
26 60 1 520060 863044
93 44 1 183551 233929
39 8 1 342740 599286
69 24 1 183229 189562
45 93 1 437154 782528
81 51 1 72757 702684
90 56 1 180460 468262
75 13 1 544610 918582
36 53 1 265750 271420
63 96 1 368386 381190
69 73 1 61876 128591
22 30 1 72403 107110
31 76 1 300038 647982
86 2 1 267554 382145
100 87 1 404018 547274
65 73 1 370294 538120
27 41 1 19531 87176
63 46 1 173119 279098
36 95 1 274521 350534
2 43 1 472911 494446
85 16 1 401105 445349
99 52 1 79784 121356
13 30 1 216892 314800
30 67 1 237316 365139
4 57 1 89454 268904
13 10 1 361129 458692
36 52 1 637859 954371
24 61 1 166578 837972
51 18 1 723119 990789
57 28 1 472406 478121
22 14 1 27612 563268
80 60 1 53386 62115
58 3 1 880956 893978
64 72 1 230085 874777
16 48 1 6163 983940
52 94 1 10008 250244
78 30 1 14565 98224
86 45 1 277433 524002
99 30 1 16451 428040
28 13 1 1780 16667
36 43 1 204939 677405
9 46 1 95380 678656
20 16 1 426980 557307
96 29 1 250069 304266
14 64 1 17497 946191
76 95 1 142769 709855
68 7 1 83170 498801
29 13 1 95263 214294
29 20 1 214416 602563
38 43 1 358467 433432
9 72 1 6082 669328
7 85 1 79649 525892
6 41 1 403263 648421
94 25 1 198589 351902
58 28 1 378211 399524
65 62 1 162255 345971
24 8 1 53346 781836
54 76 1 430782 749873
82 54 1 63567 155472
35 76 1 14955 56730
49 95 1 142527 533633
44 10 1 71619 94458
37 71 1 195228 330601
7 63 1 174242 558344
51 70 1 476181 773614
68 6 1 85456 905496
93 7 1 298902 681213
53 52 1 140189 876167
64 3 1 171491 380746
34 87 1 517556 532464
85 84 1 95045 185129
84 23 1 895 28288
8 19 1 337179 486949
2 37 1 74998 102285
21 32 1 17522 25862
50 22 1 200522 590946
1 37 1 10230 22584
95 36 1 118777 314188
71 6 1 123320 245830
48 29 1 220505 347593
86 85 1 56551 120435
31 61 1 120096 429255
51 96 1 436851 566633
54 25 1 125167 451452
38 23 1 91698 107559
84 63 1 177937 534749
21 26 1 201013 949575
94 67 1 717703 794693
70 17 1 254341 467370
5 33 1 407364 722512
58 78 1 40869 219900
67 61 1 715475 740842
2 80 1 623988 680726
14 34 1 92445 146063
100 4 1 521103 692948
94 18 1 428766 886662
23 46 1 36483 704876
32 5 1 6347 43615
6 74 1 2801 595917
64 52 1 461188 741151
99 75 1 473377 652083
15 30 1 566510 711090
31 80 1 217254 387745
13 99 1 26278 960611
8 76 1 280514 381920
81 58 1 183495 258895
29 38 1 268528 980649
74 28 1 6349 128164
30 42 1 155531 353753
22 7 1 197339 201799
21 26 1 138811 188300
49 87 1 423523 562638
12 94 1 596577 668247
74 16 1 482256 955901
100 79 1 253428 679819
100 30 1 130368 137015
33 73 1 612008 766084
55 39 1 158423 419971
19 67 1 14576 18194
60 7 1 621842 837432
77 50 1 120584 361419
86 99 1 134313 459222
47 70 1 198575 395001
21 82 1 120951 185472
4 50 1 434793 653487
15 19 1 315160 740077
98 56 1 26311 610626
16 38 1 87978 150352
60 91 1 470099 540117
22 74 1 824543 891143
59 45 1 252076 493023
45 67 1 231490 919012
28 62 1 98529 364035
5 10 1 159062 937750
58 50 1 149315 769457
9 6 1 39817 947573
67 39 1 392114 541077
2 30 1 8608 142731
92 42 1 102261 441834
93 71 1 11106 397632
79 44 1 164220 308548
71 80 1 161555 562158
82 39 1 445747 613578
27 79 1 804206 884010
84 28 1 73051 960400
39 90 1 142159 297219
48 10 1 285752 448699
96 77 1 82044 90646
5 39 1 13638 417277
93 52 1 242383 762927
53 57 1 10039 355795
22 71 1 403972 842957
56 15 1 792644 931362
95 7 1 397279 488918
14 78 1 102717 663650
99 100 1 1543 122878
86 1 1 129203 614365
94 88 1 231819 336734
45 1 1 10429 179173
51 90 1 21750 76029
1 53 1 142204 438874
58 83 1 188397 273670
23 35 1 630646 803880
81 24 1 460753 854556
80 81 1 375679 995943
41 29 1 404458 471153
1 100 1 172917 173950
88 65 1 465484 555661
22 78 1 115615 293017
82 41 1 68187 445691
66 22 1 275681 349717
33 30 1 93461 987295
15 4 1 504474 549802
7 34 1 220141 313480
11 5 1 618378 700520
78 93 1 198184 233017
90 1 1 87797 159846
16 59 1 175726 913307
3 37 1 140167 154197
44 82 1 69908 321705
69 35 1 493621 802289
100 34 1 195703 542841
4 70 1 86342 343908
29 1 1 284418 401551
40 89 1 363148 692389
9 17 1 75620 348661
7 16 1 798824 908981
7 29 1 578001 580596
36 22 1 280817 705924
90 81 1 850204 986032
60 3 1 404448 406873
45 12 1 3924 5632
20 37 1 737747 965897
74 69 1 25349 105860
6 29 1 582844 734679
52 44 1 174282 510164
77 94 1 631677 647090
13 15 1 106798 663438
34 52 1 200393 204350
47 63 1 280541 415897
96 83 1 352643 693465
63 56 1 361231 461700
33 30 1 355327 977985
34 49 1 987181 988848
46 67 1 251724 745121
37 78 1 627744 661784
39 86 1 804103 903302
57 56 1 347961 608613
70 28 1 253527 611569
68 59 1 134848 209628
78 83 1 153450 225462
95 65 1 260716 400951
71 56 1 298303 323060
22 1 1 579211 611261
41 79 1 802341 844249
90 4 1 55830 171996
54 53 1 400736 597735
41 98 1 401463 431648
86 4 1 95725 344044
73 8 1 136191 869420
17 73 1 284551 678960
34 16 1 72925 97297
60 61 1 419220 856654
95 68 1 524579 797232
5 57 1 84005 289832
25 75 1 222207 857873
61 5 1 43712 48013
33 28 1 369213 450557
60 64 1 51259 176754
17 52 1 10023 248677
82 8 1 207839 757069
35 43 1 166081 421077
96 85 1 4775 292419
25 9 1 93171 217155
79 77 1 60647 458327
21 46 1 28059 37584
77 13 1 631334 770830
92 67 1 687085 885916
30 14 1 37535 203422
1 44 1 599902 957989
41 36 1 593845 595707
96 25 1 81092 188773
98 72 1 39543 174652
84 74 1 211590 685372
71 86 1 89868 964873
49 75 1 10051 115889
72 70 1 13759 154266
48 28 1 789500 806187
51 16 1 270807 407485
71 41 1 38840 260849
16 61 1 229366 361934
87 96 1 76375 810931
94 20 1 219743 290412
95 68 1 396082 402792
84 39 1 356157 632487
98 56 1 453862 839771
88 7 1 178074 671696
5 2 1 783033 911262
24 68 1 159954 170091
66 73 1 448185 581728
17 59 1 528146 655960
9 46 1 170019 621233
42 59 1 729736 743344
16 87 1 181678 311689
92 7 1 376534 605051
33 100 1 788647 862856
75 51 1 294510 659769
50 27 1 61631 711052
82 18 1 278439 323901
78 56 1 242804 264528
1 52 1 513642 853027
88 84 1 157526 397723
78 100 1 391543 402658
42 48 1 161280 325898
64 100 1 549248 718626
82 98 1 490396 749096
68 20 1 169223 964982
3 77 1 27154 33425
86 13 1 343942 626953
2 28 1 295879 550895
56 1 1 611210 753931
32 16 1 55547 118411
47 20 1 136774 260025
74 100 1 215676 637893
34 74 1 16233 24503
83 75 1 514270 958433
22 67 1 345133 890222
42 74 1 5881 101745
97 80 1 443953 450633
75 1 1 665713 716339
54 66 1 139308 758930
6 28 1 122172 287586
36 47 1 242283 316726
68 88 1 73176 193690
38 44 1 18672 88280
20 83 1 452660 464526
60 94 1 80278 341757
68 51 1 82006 158125
36 67 1 267857 348987
1 39 1 621105 686956
57 24 1 109366 163653
65 73 1 713201 741940
99 25 1 587877 846926
34 27 1 732176 739775
53 11 1 170274 772004
23 69 1 71680 76529
56 14 1 197886 750114
95 74 1 385081 597230
66 99 1 365524 938833
42 54 1 17783 126989
4 63 1 29952 88507
19 18 1 358958 363857
74 85 1 57309 231341
18 95 1 344801 891190
87 40 1 166382 453333
55 100 1 260326 269859
81 43 1 106348 416658
6 28 1 25861 347555
74 84 1 284975 427454
47 60 1 6748 9633
11 31 1 6384 8647
88 57 1 111942 295943
76 81 1 298526 996719
61 78 1 371871 613951
70 34 1 544898 973325
16 29 1 28033 237410
91 86 1 830152 994110
76 84 1 5437 68937
86 13 1 350787 999537
62 39 1 110412 320308
68 36 1 177408 998263
97 4 1 112832 187124
63 62 1 285000 514065
54 3 1 396031 579314
9 54 1 294284 843310
57 6 1 242969 354322
2 17 1 79556 155607
25 2 1 253014 320439
67 65 1 221694 888887
9 13 1 51531 113040
97 77 1 629997 981459
64 23 1 183344 871782
71 75 1 155175 885853
13 52 1 339759 385235
12 20 1 648304 758262
41 24 1 152126 198084
55 35 1 317545 613589
23 77 1 326724 346893
11 21 1 212513 999626
1 41 1 98895 161291
77 81 1 560089 800561
33 46 1 309236 925412
8 13 1 420874 762069
47 5 1 268572 753875
83 58 1 386331 451805
68 54 1 365076 576947
35 36 1 337438 357979
42 72 1 36536 59540
25 53 1 409823 861543
2 75 1 11027 11456
10 37 1 81814 170115
31 93 1 289939 346793
18 28 1 83768 252199
33 12 1 287492 419051
10 12 1 204455 275515
4 66 1 162624 338730
72 93 1 687443 912230
78 65 1 106511 596417
18 48 1 179389 414473
28 46 1 180861 192926
41 89 1 32428 55924
34 44 1 827698 978001
15 40 1 20275 861286
67 32 1 226341 350384
74 7 1 382245 629857
41 59 1 58678 113765
43 77 1 253819 442302
2 69 1 185793 305210
19 58 1 204150 696079
82 60 1 33361 202545
66 46 1 158175 199586
66 60 1 377380 773228
1 42 1 273248 611270
41 72 1 541501 910714
60 46 1 20660 127615
42 81 1 278533 424118
93 78 1 695343 710235
60 12 1 350772 843954
61 55 1 351962 954098
10 52 1 846575 883877
55 28 1 344483 522568
46 33 1 2084 7991
43 54 1 222626 498398
74 44 1 84647 333075
8 80 1 426379 718943
40 85 1 67888 118535
66 47 1 461286 688920
7 82 1 77178 159179
50 10 1 289124 517850
31 17 1 107929 253274
3 12 1 156529 303400
74 70 1 210093 247711
49 94 1 407461 432322
90 59 1 202361 727361
74 47 1 77694 249334
7 81 1 2338 6506
10 50 1 92208 511455
84 63 1 210914 389044
69 7 1 363893 744452
73 63 1 412629 438237
89 49 1 211262 216033
22 60 1 154245 167720
77 12 1 134297 485808
56 7 1 210068 276759
86 41 1 747548 789984
12 92 1 605410 975939
76 2 1 461403 547865
45 5 1 274035 766375
48 80 1 36232 907435
15 28 1 254064 703855
23 75 1 345470 807320
14 61 1 859253 925391
14 41 1 512425 663930
22 74 1 11048 418996
53 14 1 34852 172414
18 29 1 60579 303572
32 52 1 605161 804920
41 23 1 377528 892513
53 59 1 132595 330829
100 15 1 101850 120947
94 58 1 100603 310071
74 33 1 163921 705241
61 18 1 300342 875762
58 97 1 685221 692570
16 65 1 371 22145
20 19 1 660977 694600
6 19 1 118954 197348
26 3 1 119478 592439
7 32 1 1170 40415
60 5 1 775546 988274
94 88 1 101986 541034
5 73 1 214330 237271
11 24 1 236400 571893
26 19 1 50964 617974
85 72 1 13645 594833
44 41 1 737412 753131
49 98 1 29852 297933
66 71 1 307671 718706
27 82 1 455494 502852
60 57 1 182494 276801
31 49 1 797541 798064
71 83 1 14827 16507
33 66 1 567589 708067
45 28 1 137923 160810
13 98 1 519577 869197
25 52 1 119181 205551
61 68 1 421448 561387
98 22 1 235982 935337
78 75 1 212364 244908
44 23 1 750452 934515
25 54 1 465399 892500
76 81 1 499135 687364
63 85 1 97200 266339
47 87 1 49989 363645
6 21 1 321739 322110
54 100 1 493566 993894
16 87 1 180170 611641
91 83 1 213215 502327
64 71 1 703127 822489
45 11 1 197041 220479
4 47 1 746696 998469
23 95 1 8427 126558
86 93 1 240179 540465
95 48 1 228614 650187
46 21 1 328469 715995
73 87 1 58188 245466
49 72 1 184043 913547
74 73 1 189069 716844
3 66 1 159906 421595
55 7 1 420171 664592
9 41 1 337928 384003
67 7 1 217805 731361
41 57 1 42721 135735
56 57 1 215739 648966
76 58 1 246249 440269
63 32 1 11597 808943
7 91 1 48415 400583
42 61 1 278028 728359
46 23 1 88684 118439
46 22 1 292666 297381
100 74 1 41436 584756
9 22 1 83764 206653
88 99 1 456361 856461
47 96 1 176785 343774
73 16 1 127152 245612
16 79 1 465310 598337
88 41 1 33402 122996
48 78 1 8684 10889
67 15 1 91888 131624
14 13 1 86431 140740
36 11 1 83722 694812
14 9 1 51524 107077
25 2 1 155531 204789
1 12 1 38248 222838
46 88 1 163067 292352
26 62 1 102761 470632
8 66 1 22300 352423
80 17 1 130008 281406
87 9 1 7412 29230
73 84 1 499680 653456
98 50 1 362428 974295
63 85 1 28781 50004
42 30 1 21310 81465
38 11 1 814959 834620
99 68 1 247823 401386
47 64 1 57492 201797
60 41 1 195397 734775
84 76 1 257007 534868
63 62 1 141881 156555
36 21 1 434493 526919
93 54 1 241018 919920
76 86 1 388673 508147
64 14 1 733 83916
10 68 1 33575 783586
25 18 1 235236 264023
94 16 1 106296 397757
98 58 1 433186 698553
97 81 1 37635 256918
37 26 1 165202 172002
79 11 1 274675 460147
33 81 1 170937 305152
43 74 1 230047 524463
58 82 1 66397 101411
12 31 1 311211 552614
11 50 1 8718 11964
13 58 1 246594 770976
21 41 1 561476 634231
90 36 1 335989 539525
80 17 1 478431 872335
6 11 1 38341 90986
90 58 1 104884 251832
85 96 1 126580 356711
77 89 1 101226 337173
67 56 1 74592 237514
65 68 1 649478 700958
9 42 1 150169 392691
18 10 1 355470 568747
92 34 1 43692 188903
21 93 1 19185 135896
38 43 1 15542 84694
35 68 1 336118 850179
16 27 1 46260 120141
64 47 1 39395 96903
83 64 1 438542 947522
76 75 1 739411 815674
65 17 1 10833 39190
43 31 1 176263 299573
84 77 1 150949 595992
66 79 1 193691 955778
2 49 1 886846 959994
59 78 1 294005 980349
24 73 1 85358 346666
58 53 1 17233 31056
97 33 1 329581 859154
50 96 1 138856 204475
66 32 1 418712 862836
4 75 1 209739 459270
20 27 1 337211 676382
62 93 1 97330 133564
16 4 1 1581 891700
79 29 1 37618 102443
31 60 1 230201 309262
3 41 1 831994 979541
67 46 1 94525 333278
76 77 1 140254 671168
67 87 1 26335 370560
48 7 1 540648 784479
89 72 1 514469 516793
45 80 1 26848 554757
74 57 1 293 1040
63 23 1 128 2626
91 60 1 102963 113896
84 83 1 32845 119514
84 88 1 183353 487012
53 61 1 302082 967518
59 83 1 88372 147366
27 92 1 57317 743092
20 15 1 178049 194775
85 93 1 469135 918303
94 31 1 44309 530538
51 40 1 152673 655538
31 72 1 112614 686665
75 73 1 54198 286204
93 33 1 572091 680801
80 83 1 106644 516953
90 62 1 13167 297835
43 95 1 204235 542775
83 38 1 314711 645546
11 97 1 784784 830291
92 1 1 137472 178957
73 41 1 692185 842631
88 14 1 34551 489157
43 85 1 59864 683509
68 11 1 381590 508531
56 63 1 185699 812294
2 42 1 254192 377112
99 37 1 27946 176751
21 70 1 227149 618240
52 14 1 612568 709583
90 8 1 86123 227788
80 31 1 21527 714729
63 13 1 18368 424307
52 22 1 391024 502062
83 97 1 59526 621821
21 37 1 5715 48725
14 58 1 746102 881716
13 64 1 708600 768731
60 77 1 19865 501383
8 77 1 164042 246926
92 83 1 160849 254052
27 69 1 685797 731763
34 69 1 2722 58727
56 26 1 88979 581938
94 11 1 768313 778239
54 30 1 7256 73609
80 74 1 407721 597334
29 25 1 311688 354506
66 83 1 11066 22120
79 15 1 94577 128009
80 10 1 26350 132110
94 87 1 138290 223609
32 15 1 312419 435337
19 75 1 191918 618358
7 45 1 255288 272054
18 87 1 260401 360833
14 24 1 66894 298474
65 40 1 40403 169855
83 53 1 141597 330563
81 63 1 388852 389204
94 63 1 95825 416301
36 5 1 241403 313412
53 43 1 183868 367787
83 20 1 428256 433248
8 96 1 79970 82078
54 73 1 857934 981963
34 11 1 24668 382421
91 68 1 99997 940186
36 2 1 79035 102966
30 99 1 1870 780019
77 20 1 176468 375269
4 85 1 425429 653226
28 85 1 411220 420086
93 51 1 173857 277748
58 98 1 52235 224086
53 27 1 141747 334430
12 58 1 31809 79659
17 47 1 90300 361478
2 12 1 274182 564434
5 2 1 87386 113169
2 82 1 677882 773985
12 95 1 533178 919392
92 61 1 383034 440305
42 36 1 662385 901232
3 58 1 31147 60503
8 43 1 69534 92628
76 66 1 72229 538746
29 69 1 369559 765942
83 34 1 1725 276361
52 55 1 122130 552490
1 54 1 83800 514661
49 96 1 299680 460153
56 4 1 282586 346584
73 2 1 850482 870293
66 73 1 73242 217778
74 31 1 681306 906841
53 67 1 16453 37048
82 65 1 493210 968540
18 53 1 127401 474791
65 28 1 113802 646072
84 62 1 842681 848203
66 10 1 23715 488857
36 57 1 58521 347144
65 91 1 41656 217263
21 10 1 350864 723249
72 78 1 33268 142432
28 84 1 629898 706450
78 6 1 34465 48462
10 43 1 242324 592800
88 39 1 485472 668085
19 88 1 652664 755664
5 25 1 199626 429621
69 60 1 767657 938822
24 60 1 10368 202813
2 34 1 13983 699233
99 19 1 40224 114608
42 64 1 57664 876389
10 20 1 15635 28314
68 59 1 1725 4492
59 45 1 59726 353447
30 52 1 474841 655030
16 33 1 153497 928416
84 50 1 73503 392431
45 61 1 34125 215633
12 79 1 621487 683302
8 10 1 111386 420507
99 97 1 69716 537433
67 29 1 468274 703803
59 60 1 293084 356949
81 65 1 4302 247598
73 53 1 223361 317401
91 69 1 1509 19638
50 38 1 97498 601399
51 90 1 73858 632177
9 97 1 554 539490
1 64 1 76133 870171
47 78 1 68853 297151
50 16 1 19492 124998
40 89 1 471305 823537
66 97 1 195734 228798
88 2 1 75484 251555
81 30 1 32398 47671
94 55 1 12010 55348
89 60 1 615301 739387
61 63 1 60272 351834
97 71 1 282492 828559
90 21 1 48471 52325
30 68 1 208945 218236
59 44 1 271374 890880
77 49 1 510090 524110
93 48 1 407784 523877
41 24 1 34401 523799
100 54 1 365476 662282
25 80 1 871040 903471
23 97 1 68005 300249
93 7 1 329891 440196
96 100 1 180917 919060
83 7 1 280934 816201
62 44 1 525752 665348
35 5 1 297047 669729
88 76 1 27247 33219
53 40 1 655810 734068
95 19 1 712041 887244
17 29 1 10977 285614
81 27 1 310177 380451
66 31 1 515085 615532
67 90 1 322292 590818
81 25 1 125327 982923
64 73 1 88431 96140
74 18 1 102749 121199
57 18 1 119751 136736
48 64 1 286107 621887
7 43 1 29486 114164
100 23 1 74149 256739
21 34 1 607241 995834
97 39 1 350115 864312
19 96 1 140361 151477
22 25 1 25862 144689
27 28 1 141868 798514
27 89 1 209282 235069
71 54 1 8076 935111
46 30 1 208988 435612
22 3 1 301393 324431
26 91 1 446032 881626
50 56 1 393149 694600
70 94 1 354493 732773
39 27 1 811171 812785
90 10 1 2914 182851
54 52 1 168785 479388
29 77 1 266369 279730
42 47 1 184482 293918
71 23 1 699490 710602
26 98 1 241467 777543
11 61 1 52740 686846
100 81 1 481959 656521
49 76 1 391226 427480
33 32 1 9074 547164
49 68 1 370876 795187
44 81 1 11170 407849
6 89 1 233707 642504
61 6 1 463453 579431
93 55 1 141867 151162
4 37 1 356534 457019
19 29 1 16373 57739
22 3 1 59998 338543
37 16 1 441562 655943
1 74 1 553 21319
7 58 1 620362 714073
90 89 1 17238 172255
38 13 1 136789 687416
30 36 1 386381 534724
71 40 1 266111 653688
44 64 1 255484 496476
24 97 1 232667 261007
82 32 1 593077 695098
54 91 1 344423 425977
73 91 1 7305 13446
6 86 1 38184 139305
87 57 1 6814 21052
66 99 1 23293 78015
46 49 1 13774 770037
57 66 1 219623 662266
57 48 1 581847 635499
56 74 1 123849 683218
5 63 1 42555 552385
33 1 1 442220 803333
37 5 1 1932 3902
22 31 1 55984 486968
54 55 1 675280 923131
16 61 1 33669 167891
79 20 1 86007 660186
80 59 1 532672 644907
25 70 1 563968 733987
49 70 1 235805 425184
99 54 1 41395 933775
75 11 1 20759 197785
96 63 1 178587 924134
4 29 1 90776 783370
17 63 1 51796 90064
95 14 1 115977 118175
22 4 1 309924 641664
26 58 1 402210 632284
58 87 1 3856 265248
17 29 1 20587 92572
34 2 1 219248 786455
13 90 1 408675 990058
8 5 1 20025 200372
59 53 1 60287 355920
37 1 1 513602 522528
12 16 1 142151 196918
80 42 1 229428 823309
98 81 1 323563 854435
99 39 1 15850 30128
13 85 1 285372 572439
68 40 1 68727 231808
90 3 1 45420 757043
86 5 1 115745 125390
70 51 1 853559 933053
15 17 1 348843 636460
65 37 1 152504 547943
88 40 1 753398 928154
96 20 1 125267 320272
19 75 1 242261 460135
60 59 1 128758 157999
68 53 1 307322 770187
98 1 1 660703 940234
16 31 1 11255 328009
62 6 1 398689 751313
18 57 1 185786 571976
86 15 1 274695 506861
50 75 1 101200 358274
3 34 1 409031 601568
41 51 1 122813 780234
10 45 1 96443 466192
81 53 1 102857 211434
21 41 1 438880 707529
77 18 1 389540 588499
67 26 1 139659 815725
91 23 1 407272 656491
53 39 1 7218 7693
12 88 1 3650 625017
1 20 1 120205 749788
8 74 1 238509 306976
4 74 1 252835 252848
78 46 1 122939 231258
63 97 1 29908 903772
88 69 1 15594 871891
94 5 1 27878 795359
37 19 1 687010 735238
60 54 1 87091 192826
44 42 1 4995 11189
2 83 1 235271 532928
86 72 1 19579 455518
49 50 1 549629 678334
66 33 1 69811 204001
56 64 1 145122 210454
38 56 1 82870 532841
81 38 1 92969 139051
9 94 1 489464 943529
37 11 1 191301 444131
73 26 1 225924 559317
64 99 1 282996 946708
38 17 1 93189 375153
45 81 1 206063 954394
13 12 1 269117 957431
86 57 1 2951 20661
14 47 1 210082 615140
87 64 1 175581 475624
16 89 1 408987 906832
78 16 1 250744 436821
65 32 1 22125 302782
36 67 1 607176 944794
7 69 1 354731 398121
19 2 1 109774 210048
12 31 1 253956 977047
14 72 1 364083 426162
58 95 1 41939 161712
44 97 1 7466 59731
81 87 1 95053 344989
41 77 1 290701 321063
34 64 1 657100 736961
95 77 1 681040 726922
23 38 1 142428 709000
92 17 1 34552 233997
88 40 1 387843 616474
99 86 1 83409 170338
97 60 1 316875 687550
53 19 1 109007 826567
16 63 1 136136 806943
86 34 1 13347 60501
79 78 1 89367 133564
74 37 1 25773 516621
23 79 1 162009 560457
76 17 1 12222 91962
42 62 1 329431 428310
91 47 1 333719 815123
50 35 1 656178 657558
59 30 1 11258 625398
86 35 1 623565 996411
11 74 1 9430 241535
1 28 1 53863 65312
64 97 1 167761 253673
20 21 1 359132 963173
24 62 1 49565 929320
10 42 1 800751 960648
63 40 1 454478 499838
2 21 1 626094 986050
59 30 1 210997 375283
90 77 1 89370 349309
23 10 1 430232 478925
26 71 1 255906 652322
14 72 1 122131 792269
53 8 1 1678 153953
63 58 1 214253 451936
96 68 1 577489 644382
28 24 1 39557 650956
52 26 1 218203 522779
46 61 1 96440 472690
86 91 1 458950 533394
44 52 1 121455 482176
56 9 1 8750 564066
12 31 1 542046 695774
31 9 1 186991 209199
85 1 1 167122 277376
29 26 1 569597 737739
21 59 1 560742 659788
91 19 1 782013 796610
34 14 1 83 4830
86 3 1 168502 321786
94 67 1 100137 379082
12 11 1 74830 232246
94 11 1 182652 222118
15 46 1 437639 992430
71 60 1 171952 176864
62 2 1 320478 868695
11 63 1 593636 738421
68 7 1 50804 289273
36 47 1 156263 458198
63 96 1 560115 591699
93 94 1 491969 643784
43 18 1 286679 288953
53 5 1 567219 647168
54 77 1 62233 444176
87 27 1 50837 369540
29 49 1 911484 970497
14 19 1 131916 241881
26 32 1 104114 664662
46 24 1 184690 562490
49 63 1 685800 735022
53 96 1 556242 720806
56 97 1 273759 580550
58 43 1 35199 85096
97 79 1 570379 794288
89 93 1 13027 126458
19 88 1 38568 46965
35 47 1 30440 669649
22 81 1 19731 236779
45 26 1 62901 708455
46 87 1 151308 301733
54 43 1 53534 415670
11 75 1 475410 555470
47 26 1 392880 723266
78 6 1 383872 858042
21 48 1 33098 87670
36 35 1 108161 680396
6 59 1 97971 175536
69 97 1 198088 647990
28 10 1 9318 48277
69 95 1 588212 599997
80 17 1 308047 412814
58 44 1 46213 156856
56 91 1 110811 167796
40 97 1 344604 451707
33 10 1 7185 874690
23 89 1 5972 34594
91 14 1 63421 197417
91 43 1 141812 511869
49 83 1 13113 14073
37 33 1 1697 89484
45 44 1 725103 994849
77 20 1 256434 487140
52 94 1 563252 597234
30 55 1 418262 942315
64 74 1 408152 662221
89 98 1 302746 462718
62 71 1 3792 21169
80 41 1 475120 494224
90 31 1 4959 42921
5 49 1 9873 121710
3 49 1 117722 742421
28 4 1 442074 968100
41 33 1 643011 928244
36 22 1 66591 285488
66 69 1 39041 56561
33 24 1 791752 865327
88 54 1 131458 196773
73 83 1 321819 451278
63 87 1 720496 991716
78 23 1 7835 212037
50 52 1 62289 125141
69 100 1 148743 517993
17 100 1 312885 695423
31 3 1 87639 410440
69 32 1 968306 976298
32 8 1 653109 701743
56 16 1 421631 766113
65 30 1 78706 130118
33 17 1 154422 676895
51 57 1 122001 176313
56 92 1 104579 129119
6 31 1 539306 852909
56 78 1 76236 472624
32 60 1 205133 206917
38 57 1 109177 855056
22 23 1 319737 384628
94 68 1 259099 288494
85 96 1 722520 814910
68 42 1 402347 909094
3 85 1 675802 732644
33 53 1 916732 940769
32 59 1 27150 534418
76 75 1 12626 26036
86 28 1 72900 297434
96 85 1 3559 32192
75 38 1 1201 64455
8 78 1 622270 887554
54 14 1 21356 32507
22 17 1 9902 351694
15 49 1 54317 177185
44 54 1 227158 274125
15 4 1 27746 252732
80 1 1 315657 646581
74 23 1 495789 692380
41 81 1 300779 515986
68 65 1 59906 224508
15 89 1 264756 744034
98 85 1 229520 931522
39 4 1 106782 140166
37 27 1 369218 758233
59 89 1 394644 474196
85 50 1 696664 916582
44 33 1 189450 297785
40 63 1 143653 170555
11 17 1 3861 8648
82 49 1 137762 194487
5 11 1 814959 986384
73 8 1 434398 569418
28 14 1 249165 480651
67 64 1 42046 274862
7 30 1 319400 499096
26 35 1 772491 794122
32 26 1 519165 758835
63 18 1 307533 479870
53 54 1 347026 573189
47 73 1 697916 867163
6 56 1 56058 176603
66 16 1 271590 434441
60 8 1 453297 477190
16 9 1 155794 389991
82 75 1 59306 138521
63 96 1 85955 632831
86 1 1 59858 149629
82 38 1 22631 166438
