100 1000
46 99 0
6 97 0
93 36 0
76 53 0
95 59 0
70 57 0
100 25 0
10 54 0
66 29 0
66 94 0
62 38 0
74 61 0
22 15 0
45 61 0
1 39 0
96 59 0
7 74 0
39 21 0
53 99 0
56 74 0
20 72 0
57 30 0
88 84 0
50 44 0
59 93 0
52 41 0
4 26 0
22 80 0
74 82 0
1 21 0
27 31 0
20 85 0
39 64 0
71 42 0
36 96 0
86 85 0
67 22 0
36 39 0
31 79 0
22 67 0
47 96 0
47 12 0
70 2 0
81 63 0
89 21 0
90 55 0
47 96 0
73 55 0
74 50 0
6 35 0
88 34 0
36 40 0
44 54 0
48 49 0
4 78 0
39 6 0
50 38 0
19 50 0
52 71 0
40 39 0
94 25 0
32 54 0
73 15 0
69 17 0
91 78 0
71 49 0
13 90 0
14 37 0
77 55 0
2 73 0
51 55 0
79 65 0
4 25 0
24 35 0
47 91 0
94 96 0
43 88 0
8 73 0
71 12 0
73 37 0
42 92 0
84 89 0
78 54 0
75 16 0
47 8 0
40 85 0
31 67 0
37 60 0
14 17 0
22 88 0
90 89 0
23 27 0
78 12 0
4 72 0
89 46 0
10 28 0
93 27 0
81 25 0
3 60 0
81 87 0
51 96 0
100 53 0
56 35 0
96 79 0
86 1 0
85 34 0
50 27 0
15 49 0
77 82 0
65 79 0
32 64 0
67 4 0
88 37 0
55 87 0
10 72 0
80 66 0
22 41 0
13 100 0
80 41 0
29 90 0
92 60 0
88 16 0
85 57 0
17 100 0
78 83 0
24 63 0
50 63 0
72 10 0
94 45 0
1 10 0
88 62 0
54 60 0
39 60 0
35 34 0
90 69 0
24 65 0
33 29 0
91 69 0
48 8 0
37 77 0
44 43 0
68 62 0
17 100 0
67 64 0
78 80 0
87 19 0
55 93 0
41 63 0
52 35 0
5 38 0
77 66 0
39 87 0
84 93 0
70 47 0
38 98 0
95 91 0
77 92 0
2 95 0
56 27 0
22 1 0
100 72 0
1 18 0
53 85 0
99 1 0
64 42 0
85 37 0
2 40 0
87 41 0
98 68 0
27 7 0
48 32 0
80 34 0
43 5 0
27 16 0
82 21 0
88 17 0
4 22 0
95 20 0
41 43 0
35 4 0
50 48 0
82 28 0
23 74 0
41 15 0
71 49 0
34 50 0
59 40 0
98 94 0
12 66 0
97 54 0
35 53 0
85 67 0
51 94 0
74 70 0
31 7 0
89 84 0
42 71 0
28 50 0
46 16 0
17 8 0
52 67 1 509972 533884
76 80 1 335989 643482
23 14 1 739821 909850
52 10 1 10448 929053
60 25 1 566964 922164
29 65 1 131355 799508
53 59 1 271239 740265
42 87 1 97213 692021
32 93 1 21977 90237
14 79 1 9795 887099
46 91 1 476823 544453
92 71 1 411406 427853
42 16 1 180102 354535
66 7 1 334343 960714
28 22 1 10384 141909
92 8 1 923381 970194
50 75 1 76125 171774
15 18 1 510173 516654
96 61 1 32088 165545
69 54 1 180755 362829
8 22 1 562518 680194
21 22 1 66356 684732
42 3 1 78364 210271
13 51 1 521173 705457
98 56 1 148501 851529
38 79 1 240930 589727
78 56 1 99855 175411
8 91 1 940944 967786
86 48 1 637901 750699
30 77 1 179623 439738
65 54 1 280595 411750
76 92 1 372230 484370
50 45 1 17532 54498
81 51 1 437937 447011
77 58 1 228188 276297
38 88 1 454201 883959
30 79 1 171251 201348
73 61 1 54060 75250
54 46 1 304886 433918
25 85 1 228540 519759
59 75 1 28991 973139
92 61 1 45913 929906
25 79 1 412777 708359
32 29 1 72081 167950
64 73 1 328477 687388
97 51 1 18693 353049
24 54 1 87467 475900
64 78 1 347143 444899
41 32 1 31315 192946
9 49 1 35069 67345
33 73 1 142419 765707
94 37 1 321794 594372
20 81 1 213203 259686
44 70 1 374009 495393
40 15 1 202597 354571
84 60 1 329797 601728
42 79 1 100640 154011
64 11 1 17794 50495
6 39 1 9296 107790
33 75 1 237778 261695
100 25 1 10384 37740
10 38 1 443949 681747
23 95 1 38056 105830
84 8 1 274182 909236
30 2 1 93 3200
17 36 1 154597 774453
21 17 1 396418 881842
11 19 1 415915 877657
81 87 1 80257 463559
37 7 1 602351 692313
26 4 1 24214 317721
85 44 1 3411 5629
27 99 1 476258 843957
24 85 1 48863 185947
72 7 1 958519 993816
98 19 1 447005 528940
87 5 1 73051 629383
70 61 1 6578 564751
81 13 1 1523 954828
79 96 1 197707 527584
88 16 1 101667 196670
47 100 1 703338 860950
18 64 1 5007 27605
10 84 1 92364 143474
93 88 1 203536 950886
57 25 1 472402 615407
30 66 1 322694 441325
23 10 1 758402 891384
64 34 1 61784 695227
33 99 1 256879 799414
31 98 1 60853 134907
37 51 1 646178 698399
53 24 1 194695 310103
46 55 1 134537 291574
42 23 1 6912 50428
59 83 1 198716 586604
74 27 1 399787 910239
69 37 1 63206 63743
74 87 1 139495 349647
79 51 1 344534 848267
30 51 1 72258 317242
13 77 1 50627 66955
25 71 1 237653 241463
86 82 1 269580 687597
58 64 1 160385 198838
4 25 1 13208 840365
14 55 1 236247 292809
37 49 1 441157 822321
51 19 1 3034 25063
22 97 1 366631 958369
19 93 1 543438 661612
53 70 1 7089 18684
31 90 1 65151 411674
85 56 1 311061 684766
63 69 1 210341 282782
44 20 1 456292 962465
56 73 1 162913 202096
16 23 1 298208 315687
59 42 1 273544 475995
66 62 1 24632 36228
85 64 1 425523 598317
84 37 1 314254 468899
30 14 1 274896 422008
84 98 1 239937 777269
85 74 1 29664 88316
60 61 1 87827 878390
2 51 1 514746 628514
9 11 1 38927 554289
95 52 1 140243 188497
10 20 1 43611 670117
70 9 1 10268 301075
20 97 1 278790 493039
57 72 1 47895 183703
18 48 1 450456 987005
78 4 1 256415 409293
27 85 1 101550 150939
19 38 1 20549 355226
25 96 1 258261 360523
100 69 1 365292 937986
95 40 1 439431 698212
53 51 1 99261 675198
2 43 1 299395 538700
98 94 1 29908 460165
38 34 1 116870 518695
94 60 1 302741 530486
31 100 1 231354 434215
36 49 1 831830 868418
11 4 1 165545 199212
72 71 1 60425 64834
62 38 1 178751 857143
98 80 1 13735 32466
39 7 1 22174 72059
30 83 1 568625 878521
37 33 1 590029 707043
42 34 1 440016 474402
28 67 1 393361 657185
58 95 1 299742 785549
34 9 1 622508 682635
52 89 1 157817 898768
43 32 1 22410 255719
85 54 1 254643 446175
69 14 1 131036 407771
52 6 1 733260 884998
68 8 1 766401 997642
45 51 1 599446 855012
15 88 1 498744 977161
71 84 1 2287 930901
72 66 1 75205 203932
75 21 1 85314 252273
10 88 1 21540 57988
15 74 1 186469 374019
3 38 1 449297 684809
6 62 1 51114 112133
92 96 1 131884 151051
29 32 1 379360 985947
85 45 1 94452 230541
81 16 1 313189 880703
75 97 1 81848 932268
55 88 1 42513 259535
72 15 1 31071 34801
28 97 1 325487 401072
79 3 1 58370 130462
42 77 1 199593 304624
60 75 1 177604 791737
42 85 1 169213 491964
51 43 1 98927 116711
89 30 1 198672 273646
74 59 1 119000 130097
14 62 1 697887 862563
9 96 1 159745 910544
72 11 1 256751 316294
98 71 1 351060 503961
77 39 1 41952 96870
25 11 1 197147 203813
42 38 1 206570 391584
73 80 1 192586 239567
48 42 1 85357 92465
47 79 1 3463 35510
23 50 1 699856 879011
94 4 1 32104 508864
58 43 1 118649 520432
84 86 1 80149 134405
26 51 1 629990 872816
18 81 1 159406 916733
53 41 1 189075 285352
67 66 1 33235 175902
56 47 1 159935 692379
45 38 1 97644 118627
66 72 1 205604 448065
89 77 1 156700 589148
55 39 1 19238 51468
21 100 1 51519 172763
3 64 1 234628 452430
61 27 1 223901 391910
12 31 1 95942 298585
38 39 1 795406 919373
76 67 1 6210 667388
9 80 1 156432 602245
62 81 1 202896 340508
26 92 1 44981 755404
53 96 1 336238 524283
89 30 1 157568 329698
45 78 1 150745 235715
79 8 1 22742 466556
1 42 1 117638 203431
48 33 1 189674 588716
74 12 1 21225 68119
33 65 1 111255 184641
32 68 1 869652 884762
77 51 1 25772 96947
69 91 1 151 297561
10 28 1 171919 344275
93 52 1 269653 494408
87 12 1 210922 217754
48 78 1 358605 588585
59 73 1 371301 981829
59 81 1 103584 202470
16 25 1 137948 286276
40 20 1 89730 230046
9 32 1 181497 291960
53 97 1 787193 823993
94 89 1 189047 521969
94 37 1 221014 656094
62 12 1 494657 532132
72 41 1 7183 38430
6 42 1 40826 198378
39 12 1 481016 720223
88 29 1 419749 697958
48 66 1 26866 733304
91 37 1 768949 887775
83 75 1 135082 359526
16 73 1 22946 118964
43 75 1 20149 79821
1 47 1 39491 872469
24 18 1 35214 355567
13 89 1 35732 581406
1 4 1 146392 438910
71 43 1 868537 981567
22 64 1 313654 724574
95 94 1 649594 869333
34 87 1 427605 693762
98 23 1 101014 622364
14 24 1 43123 642581
23 94 1 436241 595472
81 73 1 6805 30953
95 84 1 50671 179082
88 77 1 96869 216415
100 25 1 381223 911808
75 22 1 54828 495596
58 63 1 225644 319780
3 68 1 181044 627676
53 5 1 22344 505642
64 50 1 195229 494285
42 84 1 53115 80811
6 54 1 553269 997712
64 6 1 72427 85867
74 68 1 77 282676
4 62 1 623649 980476
2 36 1 94936 999844
39 12 1 66028 134180
2 30 1 309668 369925
76 30 1 248703 465056
70 13 1 199473 483396
51 73 1 26946 62900
16 3 1 101415 709642
76 5 1 417575 421569
84 77 1 228431 303209
12 39 1 464912 857622
46 3 1 291256 377767
87 64 1 41071 259611
28 57 1 422441 850225
66 58 1 271926 383130
52 85 1 261730 785824
72 87 1 272660 589256
91 42 1 729808 938532
89 35 1 123141 362841
13 47 1 120673 290314
78 44 1 279031 607165
3 70 1 310252 582077
8 25 1 513220 824800
20 70 1 347638 887219
86 19 1 36636 834385
46 14 1 171840 260607
2 96 1 184221 959513
8 48 1 24871 85741
78 68 1 174227 538560
83 3 1 264218 441749
51 84 1 19841 105788
21 83 1 13365 15123
59 100 1 9331 23216
18 61 1 194645 626420
19 88 1 62453 271943
77 21 1 114456 382789
37 83 1 87769 376098
93 70 1 30292 60052
89 16 1 144907 932317
70 24 1 513984 961109
5 45 1 203649 459707
15 52 1 187968 280662
38 9 1 3603 197439
3 29 1 222914 342869
58 31 1 550186 798194
79 14 1 535723 595448
51 15 1 73894 209301
27 50 1 286068 404718
19 40 1 153919 275789
24 43 1 687306 762480
74 20 1 127274 468028
48 36 1 525821 881616
78 55 1 120534 603157
38 52 1 485423 714324
63 5 1 236948 545213
48 81 1 769769 785780
76 38 1 84570 734018
16 100 1 444885 922260
34 25 1 100456 392347
16 12 1 67954 114043
4 1 1 70253 105790
87 66 1 87395 115789
19 65 1 239733 306773
58 77 1 281986 531614
59 2 1 153513 344603
11 20 1 36962 247681
19 75 1 139188 186115
6 61 1 18543 99568
62 66 1 81036 928020
61 8 1 681942 897797
10 93 1 242412 735664
5 69 1 572831 634563
80 10 1 25278 178225
99 50 1 301131 361516
7 88 1 554397 718577
17 1 1 9251 30456
69 75 1 366218 695762
9 37 1 551313 791853
97 27 1 86679 121084
13 18 1 382884 484107
58 49 1 163218 625008
17 98 1 394903 660649
72 34 1 288731 519946
4 71 1 64125 587771
93 69 1 373030 761617
81 47 1 509988 572207
4 8 1 76299 141497
3 61 1 55365 126620
12 27 1 302963 539858
98 31 1 85382 288559
43 82 1 40634 56906
42 7 1 352117 564547
29 100 1 465607 573022
36 85 1 156285 219343
65 11 1 176661 928057
91 51 1 242268 713582
18 75 1 3282 196019
21 48 1 255407 413269
55 20 1 2018 49916
57 54 1 4537 156674
98 67 1 368233 415421
37 54 1 407225 825974
8 27 1 249843 568506
19 12 1 301853 574884
11 36 1 192686 509289
76 4 1 119574 253167
47 80 1 217931 269622
63 67 1 265127 319659
77 60 1 27055 137508
14 64 1 299610 522784
66 39 1 31106 514907
88 28 1 75514 91859
30 51 1 7761 486706
79 83 1 538303 581057
61 88 1 54598 187853
86 69 1 501599 789925
40 7 1 17558 308489
50 15 1 228241 701523
100 64 1 56294 221603
90 42 1 137212 380101
88 57 1 635366 644709
28 46 1 213192 339209
77 71 1 761328 905659
28 81 1 335520 724406
53 67 1 681860 925010
36 94 1 182606 262129
1 56 1 336495 511821
27 71 1 42204 162005
100 79 1 175054 458672
81 77 1 79885 242933
25 79 1 90159 896078
43 2 1 171308 300249
80 72 1 148116 447822
99 13 1 277369 417900
45 62 1 9927 82465
14 99 1 250661 857427
3 22 1 422327 589170
97 85 1 1580 61392
92 23 1 382432 813896
29 26 1 157729 180082
45 5 1 370743 445347
68 82 1 130848 263841
73 74 1 437312 826145
6 79 1 48593 613849
90 62 1 355915 666982
99 97 1 68096 608989
63 17 1 347690 435598
51 83 1 186769 517508
95 34 1 326124 421509
21 98 1 216122 482900
95 47 1 236777 398100
91 79 1 401884 817788
56 39 1 205924 346928
30 20 1 10732 32138
75 69 1 266773 820033
47 63 1 274075 423409
17 45 1 528853 573462
25 43 1 294129 314302
89 93 1 252357 586687
3 33 1 382185 746419
96 87 1 158182 250523
76 68 1 64999 189316
15 12 1 835795 913029
4 7 1 50277 78051
80 75 1 5306 17524
59 35 1 29914 228792
11 48 1 543512 545702
23 39 1 316096 320931
96 6 1 69715 444370
28 20 1 554806 822256
68 50 1 217149 405313
69 66 1 219097 880541
89 94 1 34632 410718
41 54 1 96768 188561
88 51 1 408158 679240
72 30 1 182151 233416
21 59 1 326769 394598
87 33 1 193644 577087
45 92 1 39714 723356
79 61 1 593839 907746
21 22 1 21361 265467
35 13 1 71089 499918
74 70 1 321721 525622
74 55 1 587675 851537
57 42 1 314826 837165
62 51 1 429523 928635
6 65 1 400885 508426
21 20 1 875 13104
34 40 1 211965 378930
98 34 1 137695 592030
84 95 1 88291 612977
8 33 1 132038 456822
42 44 1 517287 528439
69 36 1 194547 433575
79 46 1 395451 444828
16 65 1 406137 736245
22 1 1 325780 789901
73 49 1 518656 783483
95 46 1 20215 169464
66 83 1 44394 64900
93 66 1 376639 638770
75 35 1 837210 907284
20 18 1 169801 444629
14 1 1 27344 344388
38 44 1 501536 794594
98 46 1 34834 256029
17 37 1 653630 916880
27 99 1 566164 870959
98 68 1 67167 167789
70 12 1 292735 636354
42 71 1 404701 594729
31 70 1 51741 914078
19 38 1 2087 3261
26 15 1 137000 217096
73 13 1 107268 453841
50 99 1 59655 208844
61 14 1 608898 637421
81 68 1 74108 103699
50 79 1 81240 794312
27 29 1 8754 157342
21 58 1 204521 800797
89 77 1 54228 206401
92 24 1 126259 367933
47 96 1 17463 73980
58 61 1 772188 833631
18 12 1 219507 344008
51 66 1 543494 543867
56 50 1 553495 885804
59 38 1 92843 240419
26 72 1 184913 902855
40 27 1 81464 671086
38 69 1 461427 562356
86 74 1 111617 262867
44 94 1 7599 7719
49 36 1 24013 192563
33 1 1 392573 693951
62 77 1 365008 522985
94 96 1 10072 15283
87 4 1 122544 709473
75 51 1 132008 533203
36 83 1 189825 388198
66 22 1 141408 406244
23 75 1 275624 659406
32 33 1 76271 272108
27 82 1 65503 280015
90 17 1 708258 936786
63 60 1 7325 7731
74 11 1 174627 859646
29 36 1 134158 478155
21 66 1 161847 496999
69 40 1 341513 936687
90 29 1 122150 429308
57 65 1 338247 431824
43 75 1 312088 907530
12 96 1 203789 308422
97 18 1 120885 556387
81 45 1 432368 635878
18 40 1 94071 554834
50 56 1 82387 487148
72 44 1 109261 156637
40 24 1 173761 633252
29 90 1 429522 922019
57 80 1 86171 87517
68 50 1 417926 582565
7 91 1 4167 39558
50 36 1 52937 62111
7 87 1 604784 994036
34 53 1 122647 271170
17 85 1 342063 709905
7 4 1 233474 830075
49 37 1 818137 833257
78 46 1 388968 601391
19 7 1 90402 467382
95 31 1 1391 21063
42 30 1 437594 479937
41 81 1 106673 278309
94 77 1 703792 887575
24 42 1 187 107058
14 45 1 595460 834960
71 49 1 407455 586258
57 56 1 602175 901724
53 46 1 92823 328847
1 46 1 253902 681076
75 47 1 52226 185740
81 55 1 119108 623861
58 77 1 12929 987186
39 99 1 541990 786363
96 94 1 97198 453200
46 36 1 127487 952972
25 70 1 72362 101979
5 69 1 559467 587481
3 31 1 82497 535396
64 58 1 72995 282733
29 22 1 21997 27243
13 10 1 215283 571037
67 98 1 532004 670841
7 71 1 115818 751369
66 67 1 853268 861553
70 83 1 165562 386717
24 54 1 219349 260454
80 72 1 74149 356364
79 34 1 400790 452738
10 35 1 149383 668550
83 16 1 65578 133326
18 2 1 251099 560127
67 58 1 802749 885572
81 57 1 98305 413066
41 16 1 478431 543219
15 36 1 167688 390061
89 47 1 773700 858810
21 64 1 371293 375362
37 73 1 210863 954697
84 19 1 51371 265292
81 69 1 325285 556109
44 73 1 34515 76113
76 38 1 1086 15564
13 28 1 904269 921609
37 83 1 466407 625574
79 95 1 16101 25275
57 33 1 164194 267835
2 30 1 754331 903710
36 99 1 232139 312167
28 74 1 355831 802361
85 19 1 16497 64103
96 45 1 279200 873145
58 76 1 104186 481241
78 71 1 350368 633847
96 16 1 8197 14727
20 65 1 3738 616198
48 7 1 160797 190525
49 15 1 481492 603091
13 87 1 227116 720597
99 16 1 375898 799700
35 23 1 195357 543576
49 89 1 165777 543824
9 7 1 224695 696352
56 64 1 140718 614946
26 91 1 330561 818274
54 25 1 209883 890738
48 96 1 151972 995169
38 58 1 30023 976646
6 43 1 648164 661511
79 46 1 748171 896348
92 1 1 24706 257037
56 31 1 89290 383814
86 16 1 381680 384414
29 77 1 18752 93362
59 14 1 21855 159960
9 65 1 585461 867397
29 98 1 147949 529527
74 6 1 144718 578472
3 14 1 30043 53497
85 2 1 662031 870693
96 28 1 598741 898368
84 26 1 394077 609731
8 69 1 396093 711368
38 7 1 205436 250966
40 28 1 189033 520801
95 74 1 180093 216693
11 85 1 567782 676101
46 9 1 28449 640159
62 19 1 266491 710129
48 22 1 300866 323242
80 37 1 338811 412130
56 45 1 632550 854882
61 37 1 165197 166879
56 24 1 184818 853719
43 71 1 149034 315457
18 67 1 13101 65966
9 91 1 110855 822830
12 55 1 29213 333311
42 20 1 251323 414508
27 68 1 121365 207108
23 79 1 71954 299021
74 33 1 722298 742945
87 98 1 93749 162496
44 45 1 540316 722281
32 62 1 320567 792218
2 73 1 226164 965106
43 75 1 690919 756165
67 49 1 602910 690977
80 77 1 1874 7312
81 86 1 358174 418982
100 27 1 337284 851603
38 48 1 185140 533230
64 11 1 744355 970124
93 94 1 56967 237822
50 94 1 19511 734311
89 55 1 312683 373007
36 63 1 117351 370295
17 61 1 139599 752385
87 18 1 42752 181072
43 59 1 1353 163226
92 82 1 74636 196612
10 57 1 328829 430682
46 72 1 310533 375886
65 45 1 146852 171951
45 18 1 82520 96585
45 75 1 383518 792365
72 28 1 301892 394835
45 84 1 108915 695370
31 96 1 24227 834435
20 4 1 123593 305716
74 43 1 114752 134971
62 96 1 140906 368619
63 66 1 195484 519703
93 22 1 205413 657901
91 80 1 40435 564261
44 2 1 436707 671838
96 15 1 76359 408067
52 64 1 127922 593601
3 29 1 7419 20549
74 36 1 609299 678260
3 7 1 88770 198768
17 11 1 541916 622685
2 1 1 325970 983963
23 54 1 72029 226528
35 55 1 787929 925278
96 94 1 433455 747926
24 99 1 17228 217730
43 38 1 138441 223117
14 57 1 71809 85205
38 2 1 109927 526984
39 25 1 501492 734358
16 13 1 121760 328752
77 60 1 347650 752950
18 93 1 103308 242322
40 26 1 208158 569268
93 77 1 132934 140829
75 87 1 15311 909741
91 32 1 74444 406017
36 10 1 19765 448220
64 86 1 244564 489242
6 8 1 21446 22024
47 16 1 95098 859043
63 92 1 255555 517840
75 43 1 77781 159327
4 89 1 321052 576422
54 32 1 582809 909241
96 49 1 5260 47405
13 89 1 49390 183745
4 88 1 205805 364632
47 19 1 431731 522522
66 86 1 294551 366103
8 17 1 382618 454282
74 51 1 108045 649897
31 74 1 864587 868368
99 38 1 574266 828589
11 23 1 351933 407594
8 99 1 120577 215245
49 33 1 165440 367330
17 6 1 7722 14281
68 38 1 165014 175663
34 25 1 349822 421151
74 11 1 351355 410327
78 96 1 100668 256755
64 45 1 71449 97632
57 93 1 8927 27814
1 21 1 252487 523099
2 6 1 425762 466831
71 56 1 160279 174581
54 98 1 171428 221078
54 4 1 87407 347631
41 18 1 195182 199241
10 82 1 781619 857434
30 36 1 175375 951294
18 21 1 145134 818192
46 37 1 3152 382234
38 55 1 167714 964229
6 56 1 80267 101937
40 55 1 46 881064
84 6 1 494396 503180
42 30 1 3959 5006
98 82 1 7621 423281
100 84 1 127295 167192
8 54 1 249150 596164
59 27 1 862300 982454
98 43 1 48732 284786
69 47 1 603471 658593
68 2 1 194217 614260
30 56 1 847910 899815
87 86 1 87466 956050
57 80 1 51615 103947
40 87 1 420351 863439
16 87 1 270547 625367
10 46 1 266240 834955
80 100 1 80082 349805
100 86 1 25507 28173
33 95 1 588353 784580
35 95 1 316248 648597
55 88 1 350971 454752
36 12 1 31111 56680
93 35 1 383871 778897
12 99 1 332955 363939
71 87 1 48341 783415
36 25 1 49445 501742
59 19 1 52523 79436
68 48 1 693201 739057
53 47 1 102226 572957
11 66 1 54958 249372
69 66 1 551650 976584
17 92 1 9022 599635
16 44 1 424614 428714
11 17 1 87062 197842
78 88 1 775374 808256
89 1 1 685851 923335
38 34 1 203824 225750
80 93 1 923998 987943
25 27 1 154647 818488
94 50 1 252029 517417
80 16 1 173481 499866
21 65 1 147392 750443
25 100 1 93553 219582
81 72 1 16244 28995
88 76 1 279960 826903
9 75 1 138753 585399
20 42 1 151495 297330
52 63 1 347214 371189
74 80 1 654354 880063
65 80 1 842559 996757
16 74 1 422285 490555
31 90 1 161195 174190
66 38 1 82233 334526
