50 500
6 28 0
9 43 0
40 43 0
8 46 0
37 3 0
31 21 0
14 5 0
8 37 0
9 39 0
45 24 0
5 10 0
46 1 0
10 28 0
33 24 0
47 6 0
45 49 0
4 31 0
21 4 0
9 11 0
36 33 0
48 31 0
34 20 0
50 46 0
2 15 0
33 47 0
26 40 0
43 36 0
28 34 0
3 44 0
18 4 0
22 24 0
13 42 0
10 32 0
24 28 0
10 18 0
5 16 0
6 44 0
10 4 0
20 10 0
35 34 0
48 43 0
16 25 0
22 2 0
49 26 0
6 39 0
15 30 0
45 3 0
23 30 0
25 10 0
25 43 0
23 6 0
26 11 0
14 27 0
48 19 0
50 16 0
22 33 0
10 7 0
43 28 0
21 16 0
47 2 0
34 28 0
20 15 0
12 2 0
22 9 0
11 34 0
19 4 0
34 14 0
31 27 0
25 14 0
22 14 0
1 18 0
30 9 0
14 22 0
26 40 0
2 21 0
20 1 0
7 49 0
20 47 0
5 1 0
43 25 0
32 10 0
29 6 0
21 28 0
29 45 0
22 4 0
9 33 0
27 49 0
33 20 0
41 34 0
20 35 0
30 18 0
38 31 0
22 15 0
44 26 0
39 36 0
41 46 0
35 39 0
35 34 0
33 3 0
8 29 0
8 33 1 326888 335998
35 40 1 209607 795904
4 5 1 414497 572790
46 35 1 56061 156565
13 9 1 553070 824072
4 21 1 44171 93622
29 15 1 211733 392442
16 43 1 463253 660361
35 12 1 454587 924945
49 42 1 21979 149451
39 27 1 266931 314699
15 43 1 52342 720272
11 41 1 156514 459456
17 9 1 748509 886081
2 11 1 88437 104352
33 48 1 481985 549984
7 14 1 379446 533514
27 33 1 93158 246471
33 35 1 88565 144203
43 3 1 17600 238891
11 37 1 19839 167215
32 11 1 152013 463330
5 28 1 900980 959215
14 4 1 319520 782300
39 45 1 552809 930840
1 37 1 460904 639744
46 7 1 197724 664590
38 29 1 93520 111378
6 3 1 317695 351559
26 10 1 189853 296102
40 19 1 587464 933971
14 40 1 462869 569528
12 21 1 54346 678282
9 15 1 185192 345541
39 17 1 76838 153037
19 38 1 606544 610541
45 23 1 54069 933714
40 1 1 12488 91238
9 17 1 465170 504794
25 40 1 125946 229227
16 39 1 32985 313156
26 37 1 271249 408845
38 20 1 118517 230769
22 2 1 16330 296841
9 46 1 223139 571286
45 4 1 413461 957388
18 2 1 608448 664655
4 35 1 1583 54469
10 14 1 219028 255202
39 47 1 25613 165727
37 15 1 122121 432567
42 10 1 323196 434432
38 50 1 382731 577449
26 8 1 211565 277176
8 43 1 86756 348019
21 25 1 233538 236771
35 22 1 18581 562401
13 48 1 38719 200164
7 38 1 101697 160333
50 14 1 212087 380210
6 47 1 700340 879062
16 18 1 288827 474070
12 10 1 682893 703274
49 38 1 464528 732492
2 48 1 455703 761102
21 5 1 23386 62270
33 16 1 9348 22714
36 14 1 62845 149365
23 11 1 253845 347118
48 26 1 130045 145645
39 1 1 107891 108881
39 2 1 157319 474823
20 17 1 149530 223552
29 41 1 624163 652418
16 22 1 279620 540414
6 35 1 218017 341319
13 30 1 509520 630635
33 40 1 35679 153130
47 40 1 295987 487768
24 1 1 187210 465047
4 23 1 344774 359008
21 29 1 233087 937141
37 30 1 6 4308
9 17 1 52500 586985
45 36 1 57431 122478
45 48 1 216684 362625
18 10 1 379638 756986
4 38 1 10690 44370
20 36 1 170855 224914
13 1 1 69324 130271
31 37 1 132584 801079
44 47 1 180545 538019
50 25 1 673095 877434
49 23 1 422356 456575
14 43 1 55557 163733
25 8 1 16392 88793
49 20 1 387079 889531
3 50 1 195345 454214
50 1 1 15979 178487
13 22 1 30227 692693
6 31 1 88797 401237
6 48 1 91687 93636
10 25 1 363239 456032
33 24 1 521552 666365
14 15 1 207994 474887
7 36 1 37593 70272
23 49 1 624108 825811
39 1 1 222936 482421
6 43 1 74033 113476
6 17 1 67911 930111
13 49 1 75189 636464
12 5 1 90258 573768
12 41 1 884173 998926
10 11 1 29934 40635
48 6 1 38852 133570
26 8 1 113440 831687
8 48 1 255870 814986
46 31 1 35851 169570
3 19 1 123207 468700
10 2 1 48829 188552
10 2 1 100902 106998
42 47 1 178006 178404
27 15 1 20978 63604
49 6 1 925360 958593
1 49 1 518122 599844
36 50 1 88959 223203
33 45 1 541799 609646
47 49 1 145837 545343
19 25 1 128637 149304
30 31 1 418912 988950
1 2 1 104229 130972
15 12 1 176628 879167
14 35 1 212041 282726
29 19 1 122641 861542
32 42 1 3666 4978
28 5 1 108880 892707
9 30 1 60397 77659
32 40 1 28409 160571
2 49 1 17001 17935
12 11 1 1623 12739
24 49 1 3758 46952
15 19 1 219579 948967
15 19 1 211437 242175
32 14 1 5226 60829
5 30 1 469619 723618
7 42 1 865570 966000
15 33 1 89240 107464
41 7 1 12417 77950
8 30 1 810103 823153
11 20 1 22832 311262
28 50 1 41570 94069
7 42 1 199300 426254
48 18 1 281135 334528
23 8 1 73783 727576
44 33 1 28775 54707
28 22 1 203837 800861
25 20 1 191637 218647
33 17 1 492895 762420
3 31 1 505610 599188
4 39 1 163005 240106
16 24 1 451189 874500
41 21 1 4172 11209
20 8 1 508128 520816
11 37 1 135762 323881
23 18 1 132595 773697
40 5 1 232013 384289
32 28 1 600520 937691
19 40 1 485089 490104
44 31 1 14944 295232
2 17 1 775301 897964
27 17 1 322552 750364
27 22 1 627332 634730
28 20 1 142704 525140
21 5 1 100988 713191
36 35 1 349393 505250
29 50 1 21231 216059
30 26 1 90656 329389
1 39 1 10481 32974
2 19 1 369811 925228
38 21 1 639454 816801
42 49 1 677827 694676
37 21 1 6277 72794
39 28 1 521 3744
24 4 1 137846 864077
44 2 1 425784 459433
20 35 1 344694 463697
23 38 1 749844 829394
3 28 1 2179 2665
23 50 1 170514 863571
16 30 1 437354 887543
28 23 1 44244 154467
4 5 1 221014 695946
35 14 1 229692 270967
16 41 1 82678 371302
24 50 1 324396 991785
29 2 1 293979 344643
22 34 1 107741 663048
34 1 1 348663 504403
12 36 1 418445 818673
40 47 1 41740 120242
3 26 1 9336 411092
22 16 1 47072 294861
6 15 1 187194 235732
31 2 1 197332 409470
24 44 1 318246 614890
37 16 1 452594 577004
38 41 1 62743 912385
45 44 1 229722 763041
11 24 1 20195 41373
10 39 1 179660 269749
27 37 1 5109 12972
50 40 1 106431 706536
1 3 1 24142 41152
48 34 1 17406 115576
13 40 1 542861 755534
39 43 1 57528 111692
34 3 1 144088 190603
24 42 1 442570 954234
9 15 1 406559 557579
21 22 1 304653 553370
25 5 1 363457 449105
46 14 1 331422 450355
2 28 1 219144 328740
6 28 1 149140 759597
39 47 1 344277 799374
4 47 1 9544 335211
36 42 1 269184 913217
33 44 1 4580 19945
32 27 1 384894 586026
16 33 1 77907 103603
25 14 1 22984 939428
3 29 1 211 28596
22 36 1 207767 379844
27 43 1 180157 392108
13 37 1 143878 259394
30 24 1 702553 739583
23 10 1 343086 396592
24 39 1 64093 888377
39 45 1 130516 204137
43 18 1 30800 434481
44 46 1 477310 636923
20 48 1 574030 873799
34 39 1 101262 484638
40 20 1 37747 535719
39 8 1 81307 97646
16 35 1 140170 223868
49 38 1 535524 637634
43 19 1 106832 111555
47 35 1 137729 366298
35 49 1 329401 336757
44 10 1 615623 825651
2 34 1 620639 716880
23 25 1 324335 813101
46 32 1 192106 608140
12 43 1 252783 745466
24 2 1 148768 733540
30 41 1 41477 156583
7 11 1 127739 473120
26 50 1 77016 281678
23 20 1 675474 744609
13 19 1 494234 555271
47 11 1 756285 810492
18 35 1 227856 786498
17 49 1 81820 193455
38 21 1 545245 545470
3 8 1 1176 43985
12 46 1 50466 111876
50 47 1 104329 865416
31 26 1 141246 262438
38 16 1 248667 750109
31 10 1 118706 568382
6 33 1 188194 303367
46 48 1 51221 211955
6 11 1 191181 261057
27 12 1 172612 441227
43 16 1 322340 646269
42 33 1 21844 644636
36 35 1 79991 139605
25 12 1 25527 33446
40 13 1 146879 378527
35 5 1 113427 117796
42 35 1 375569 782822
4 42 1 291841 533847
47 18 1 625299 703892
18 8 1 217317 705262
50 29 1 594112 961414
16 26 1 100929 327305
31 18 1 389777 649300
14 44 1 208050 614272
17 11 1 287196 310886
32 9 1 214473 396121
40 47 1 709092 881849
17 49 1 6560 356869
33 6 1 88531 256173
16 31 1 46612 61965
11 1 1 139428 841955
23 1 1 495756 945073
10 41 1 29269 51344
2 31 1 707439 906852
4 14 1 152732 322405
50 3 1 401536 626873
27 20 1 108198 176769
8 16 1 447912 858247
16 35 1 363155 694145
23 32 1 114869 853498
32 39 1 204705 608884
41 15 1 69705 518629
8 15 1 460752 496825
21 31 1 574036 635320
6 41 1 73372 105676
48 33 1 653843 706307
26 18 1 140161 358257
4 34 1 193847 906032
38 33 1 200426 592657
38 41 1 78875 150302
29 2 1 300146 310271
44 25 1 306595 849503
32 23 1 18351 132286
31 32 1 93997 514148
38 50 1 297786 740878
25 30 1 338876 594408
47 7 1 527127 753500
21 7 1 296557 625990
11 16 1 743502 900354
44 12 1 443336 480264
19 20 1 821092 938580
23 40 1 324008 347517
17 10 1 160241 296706
50 13 1 36446 46108
20 2 1 9812 104756
24 4 1 163936 513660
24 43 1 207612 260785
24 21 1 72271 110763
3 36 1 779400 793766
32 28 1 562673 604208
3 20 1 95579 118814
46 43 1 40487 409141
45 8 1 465407 753313
42 14 1 423314 673058
43 32 1 642830 912968
25 26 1 431149 985658
37 30 1 181734 404998
12 24 1 298325 610894
22 41 1 58508 241434
2 19 1 386984 575890
32 42 1 189688 270298
9 22 1 39875 150961
35 33 1 72211 333920
50 6 1 179831 223978
34 11 1 544290 599762
45 25 1 205806 243794
18 3 1 131850 469110
6 24 1 163011 506550
14 46 1 12889 68777
20 1 1 182541 283047
30 7 1 82600 854485
48 18 1 16988 30490
12 15 1 397520 830614
20 42 1 84716 824289
6 26 1 528818 776810
29 41 1 749809 878511
6 26 1 99301 361370
48 5 1 24572 525284
19 2 1 413091 878583
2 18 1 1287 1473
28 49 1 175220 248891
14 11 1 25042 26981
19 17 1 80966 136695
24 34 1 306805 384599
41 36 1 85012 592531
33 46 1 15190 831922
3 27 1 106047 666279
34 10 1 383 55318
16 32 1 747071 784492
25 45 1 784760 951043
31 12 1 399964 863566
32 45 1 677069 835135
15 29 1 684439 734213
10 12 1 533319 942157
3 47 1 390080 630417
6 4 1 63364 311815
35 19 1 761549 797881
18 46 1 222931 243824
26 19 1 11427 33480
34 9 1 125364 515627
45 10 1 33170 944746
30 4 1 17156 111653
50 22 1 1637 13181
43 9 1 429778 603121
28 26 1 108332 239736
18 7 1 236262 505422
32 43 1 59616 332962
35 29 1 335373 401684
16 17 1 37519 48213
49 29 1 247556 349913
35 2 1 6324 121184
22 39 1 13046 39980
31 43 1 206452 946773
27 49 1 747716 915824
46 23 1 635163 638506
