10 50
6 4 0
6 3 0
10 3 0
6 1 0
1 8 0
5 3 0
1 4 0
3 10 0
2 7 0
2 4 0
2 1 0
3 5 0
1 9 0
4 6 0
4 5 0
8 4 0
7 2 0
4 7 0
4 6 0
4 10 0
1 9 1 541137 574529
8 2 1 221680 770885
7 5 1 30165 35908
1 7 1 26152 26805
6 8 1 231720 964814
1 4 1 127307 401882
2 10 1 40351 441021
9 2 1 469135 491577
8 7 1 648806 732851
6 10 1 78739 821487
4 7 1 348621 988313
7 6 1 269268 457641
7 8 1 581041 806275
4 6 1 277546 690765
8 6 1 258773 584012
1 7 1 195066 617522
8 5 1 154538 168702
9 7 1 246072 447120
10 3 1 271848 293830
10 3 1 207967 735116
6 10 1 56375 177578
10 6 1 427784 655320
8 9 1 169430 169800
7 1 1 26838 31221
9 5 1 514742 628822
9 1 1 28597 765426
6 2 1 7411 372644
5 6 1 208313 895466
9 4 1 202402 203393
5 9 1 542841 637125
