15 75
5 6 0
11 14 0
3 14 0
4 8 0
15 2 0
8 13 0
5 10 0
14 15 0
10 3 0
4 12 0
14 1 0
11 6 0
15 5 0
1 15 0
7 4 0
14 9 0
13 2 0
7 12 0
5 10 0
4 15 0
2 5 0
15 6 0
6 8 0
5 12 0
11 1 0
8 12 0
1 10 0
1 11 0
3 13 0
10 15 0
2 6 1 370399 661280
14 2 1 707484 950908
2 14 1 72758 196304
9 3 1 169887 194267
13 14 1 481957 752147
2 1 1 45149 252457
3 15 1 376375 640984
1 4 1 26806 226824
12 1 1 361322 835146
6 11 1 409888 522987
10 1 1 164517 989991
4 3 1 147731 324765
13 5 1 541646 825358
11 5 1 100385 615461
9 4 1 267614 290576
3 1 1 55581 122801
15 8 1 109726 588437
6 4 1 18437 72562
4 14 1 122937 153700
12 11 1 657486 837394
11 7 1 26555 67176
8 3 1 183326 712665
8 6 1 198004 297492
12 9 1 610981 955340
4 9 1 211862 408312
7 15 1 333491 430787
1 7 1 45412 70743
15 10 1 372811 864592
4 11 1 201313 586723
4 14 1 74870 177873
5 7 1 176411 400878
1 11 1 37297 369445
4 7 1 136795 516200
12 13 1 162629 290521
13 1 1 559646 954551
7 8 1 154813 440106
10 7 1 57068 76887
12 15 1 188769 604205
14 2 1 404798 517429
4 5 1 919636 995941
11 15 1 622827 735908
13 8 1 100262 352348
13 15 1 282725 714829
3 10 1 441621 539008
11 6 1 475662 671121
