40 100
12 13 10 20 15 19 13 20 14 16 18 19 16 17 17 11 20 12 20 16 18 14 12 19 11 18 18 15 15 19 20 19 14 16 18 20 11 14 19 10
861 513 720 530 656 702 764 696 995 656 557 967 975 954 996 564 698 649 939 741 583 857 624 584 855 915 815 770 802 815 1000 997 665 725 541 851 797 597 711 619 861 558 960 771 614 527 782 823 573 640 811 579 903 572 652 952 719 872 664 945 758 955 789 886 731 954 902 555 659 810 916 739 545 818 915 829 779 652 609 584 899 908 950 846 790 625 538 950 906 663 779 752 550 643 799 529 808 909 930 540
846 934 670 909 652 852 779 779 590 945 760 698 633 741 567 892 566 943 764 698 609 628 908 647 619 901 806 900 719 867 913 767 615 633 842 887 747 905 746 999 564 994 903 889 782 770 830 638 873 1000 584 537 935 799 799 780 997 960 598 827 770 924 745 954 509 748 779 660 877 673 768 577 887 754 698 997 773 583 889 695 585 948 598 991 541 842 784 989 895 576 747 654 968 732 960 552 735 878 593 608
884 573 989 798 604 820 818 847 784 992 926 578 838 815 779 901 959 899 651 723 671 960 550 519 961 641 709 737 698 990 924 663 569 987 887 802 983 933 770 943 745 821 680 510 544 941 592 653 546 731 750 795 719 699 844 914 522 647 647 946 978 731 511 509 791 819 644 529 600 553 984 701 583 761 528 744 882 774 908 677 881 727 808 965 526 501 917 615 848 543 591 511 779 527 573 799 729 866 741 808
730 784 613 678 993 778 902 717 712 810 924 544 873 561 576 994 884 564 821 941 946 976 810 885 535 849 962 528 818 668 565 839 811 622 815 720 723 567 640 709 594 671 710 842 751 752 996 715 575 885 547 793 928 863 652 830 780 647 576 943 514 881 502 927 974 831 914 698 788 669 961 902 507 694 956 668 841 602 726 536 610 800 799 577 949 779 619 647 526 777 831 908 761 949 642 821 861 848 918 656
823 931 852 538 900 978 686 948 858 656 783 755 777 548 858 756 713 899 661 628 697 919 542 642 886 900 877 565 820 635 548 821 766 785 699 554 884 661 570 601 642 816 994 959 881 658 808 807 750 841 953 588 685 536 955 634 870 654 968 793 846 640 608 633 922 689 779 606 608 668 623 729 928 601 896 590 792 727 734 907 706 838 669 969 552 561 802 535 1000 713 578 690 820 988 519 550 936 790 828 930
578 525 855 983 973 948 691 763 592 552 619 741 635 997 839 924 942 571 670 950 538 597 658 986 719 832 709 731 675 553 744 746 916 777 733 737 577 575 937 788 557 662 890 714 538 771 792 631 536 922 618 749 742 904 875 809 886 890 605 790 594 939 906 983 573 543 525 526 760 864 600 803 703 745 721 947 826 890 626 834 536 838 726 922 637 601 519 802 552 571 646 939 567 707 600 524 873 956 576 777
610 854 873 607 750 597 561 625 633 748 859 536 820 641 533 887 703 889 532 975 734 816 660 816 946 998 626 937 779 738 905 920 641 913 697 500 630 647 804 569 616 917 725 584 686 554 638 733 594 896 806 708 603 533 794 718 670 757 840 557 947 581 719 568 866 534 687 817 844 943 847 526 891 652 921 722 549 778 817 919 636 582 845 573 720 504 599 993 749 938 627 845 886 672 877 695 932 608 604 788
503 878 900 986 580 857 773 579 878 818 504 950 643 803 945 556 518 713 802 678 661 733 621 549 504 556 723 849 526 548 826 591 572 613 765 771 518 830 804 690 622 668 843 551 533 662 600 951 682 856 659 824 772 646 787 747 729 678 884 920 822 899 790 741 648 633 866 968 907 549 594 865 519 785 971 909 983 849 757 553 570 756 579 634 1000 988 829 710 671 862 992 661 600 747 902 793 936 777 586 606
986 613 996 557 969 619 862 913 736 766 979 763 593 612 725 959 793 787 995 787 925 864 797 760 801 556 854 751 996 874 509 505 964 758 688 913 662 571 853 978 515 577 685 727 606 756 807 869 646 648 994 518 813 829 733 536 694 891 675 700 699 957 702 845 749 890 542 973 674 548 609 649 582 533 721 758 591 501 938 713 561 992 700 501 829 950 536 934 981 1000 990 843 569 920 934 982 581 606 607 961
840 634 547 923 960 972 810 630 745 990 776 613 567 721 849 651 882 618 856 776 576 517 532 790 513 811 971 508 817 702 915 628 871 713 982 628 846 933 685 644 950 832 906 957 737 593 693 695 961 518 776 912 574 674 772 887 600 978 590 985 982 667 696 911 761 546 521 861 552 695 939 923 584 550 883 670 603 783 557 646 657 991 554 805 769 546 794 991 999 786 872 848 738 886 573 819 632 829 823 660
627 880 772 696 890 642 829 654 634 600 735 981 910 938 743 758 668 978 738 562 903 549 588 709 783 917 820 921 765 865 988 911 541 930 899 936 767 895 869 790 684 942 522 827 557 548 721 631 802 620 559 556 817 516 962 592 575 707 956 936 953 535 639 766 504 958 831 836 707 579 797 811 681 527 559 500 839 632 542 853 908 796 936 919 827 675 540 506 528 809 530 939 831 601 524 775 833 718 733 694
990 690 894 728 549 650 528 663 553 874 653 983 632 929 635 508 823 788 557 817 842 674 965 731 904 710 827 875 723 567 598 931 856 782 621 544 654 931 741 999 878 667 643 651 984 571 840 588 922 641 589 659 664 593 719 695 525 533 743 543 709 620 984 665 876 770 773 829 753 874 854 914 984 950 726 884 912 815 945 525 572 896 567 955 601 635 977 817 539 865 783 581 593 682 634 622 990 646 641 893
955 657 560 590 916 919 869 762 914 613 991 747 861 887 765 951 766 765 700 961 557 619 777 588 914 820 868 747 922 825 559 639 741 832 955 596 627 821 764 973 767 791 622 730 919 872 983 606 883 889 565 729 828 892 525 780 749 685 775 850 691 738 858 746 687 755 936 598 541 878 624 637 848 977 751 972 616 724 541 631 560 514 942 952 773 868 991 758 862 549 815 781 884 836 752 983 625 683 935 890
562 518 507 669 928 840 878 677 671 771 836 816 590 765 955 731 752 999 518 842 624 689 559 767 653 825 853 552 643 697 541 563 670 925 928 911 573 961 749 558 604 918 586 895 897 650 915 700 764 676 882 594 964 891 699 741 511 954 810 542 946 845 997 719 809 674 524 766 515 790 954 987 882 567 815 951 508 877 944 945 1000 559 500 623 896 664 923 861 924 995 702 627 891 761 566 748 868 509 583 551
937 999 915 597 848 875 564 886 647 516 593 563 675 985 518 839 699 822 716 793 697 554 590 883 881 768 555 877 555 852 1000 913 848 675 528 990 616 925 543 810 568 721 825 626 888 571 736 809 546 665 910 890 534 617 863 552 922 646 928 943 957 502 626 842 736 747 887 608 738 521 719 724 783 924 684 889 971 587 858 706 677 785 962 958 938 707 548 574 987 624 868 793 856 683 836 934 933 846 827 757
775 756 728 790 812 839 989 621 500 607 865 609 775 664 879 737 557 608 503 627 834 671 875 931 633 646 758 563 708 787 565 614 895 753 697 577 989 631 800 980 990 945 671 894 573 730 891 901 749 581 912 588 865 981 991 888 669 543 597 908 927 964 727 614 545 852 734 725 693 870 951 583 627 862 561 767 744 983 965 900 993 817 780 789 873 735 843 631 610 979 591 878 694 752 616 575 932 677 618 663
646 752 777 621 657 892 875 543 723 630 911 971 761 639 696 784 876 543 696 681 740 554 655 916 563 933 535 787 648 866 845 960 593 680 732 776 937 883 559 940 875 519 775 825 687 582 550 960 567 912 650 851 850 892 822 780 926 737 628 883 877 905 795 946 978 763 524 878 763 508 538 891 790 828 1000 745 512 759 690 554 603 988 633 777 850 920 928 929 853 845 702 510 977 870 677 532 954 684 588 515
810 714 688 960 640 535 957 507 814 515 630 529 791 962 580 806 874 977 767 922 947 594 934 500 542 773 621 758 646 563 525 999 734 718 557 779 775 515 533 742 533 848 587 746 857 739 537 638 514 663 877 883 948 972 943 641 524 782 581 974 655 535 894 841 958 562 581 550 845 601 525 924 931 905 995 670 727 586 865 865 649 726 669 653 894 808 929 689 543 865 843 791 875 618 829 868 665 828 615 915
727 964 719 978 609 600 956 720 767 792 640 925 996 793 808 515 960 776 696 905 873 882 772 778 692 731 610 611 698 759 634 558 689 591 615 915 716 952 737 895 563 993 656 889 595 613 885 593 711 807 562 602 507 654 811 620 782 514 810 843 937 521 547 852 824 783 763 500 720 623 816 949 579 766 678 978 654 906 525 765 666 822 982 762 896 744 898 968 670 877 660 930 840 552 836 829 672 501 900 999
563 797 936 928 751 682 932 521 539 518 704 806 551 714 924 762 814 841 556 944 558 876 853 804 894 806 844 993 545 552 657 661 830 895 736 757 917 695 605 585 788 502 745 856 634 824 889 938 618 980 732 970 569 507 666 862 813 922 545 943 564 710 601 945 782 641 736 666 935 981 844 739 588 900 829 668 989 818 812 806 634 590 621 623 852 576 601 824 839 954 837 834 684 531 716 709 549 980 671 737
595 564 924 658 613 862 817 782 887 700 988 804 557 562 795 552 614 954 712 523 919 992 990 830 980 555 793 972 588 749 538 707 768 713 686 787 911 703 601 654 782 785 959 858 532 718 600 798 724 507 849 594 710 591 689 798 585 699 515 969 510 658 637 591 743 905 674 899 971 835 698 1000 800 944 585 930 734 929 593 789 817 533 814 604 832 705 702 819 895 694 600 738 690 644 898 907 877 558 586 827
537 734 792 652 944 556 743 903 535 526 998 519 741 918 578 723 534 962 975 656 898 863 645 566 638 656 746 547 877 814 540 500 687 554 542 980 869 808 516 689 511 882 536 579 898 591 876 661 795 683 872 641 974 645 997 625 801 837 671 967 586 626 623 633 683 617 920 914 845 722 818 821 608 723 757 568 774 768 680 751 702 800 859 559 582 555 753 869 676 930 665 892 538 712 524 545 689 764 676 855
832 948 625 955 627 920 626 655 542 706 601 577 732 702 527 602 955 824 937 745 646 811 647 653 895 561 641 794 791 809 896 602 868 972 535 664 718 519 905 855 586 658 557 693 562 967 650 667 821 612 853 927 584 643 800 581 577 707 754 760 634 784 625 996 795 790 679 601 933 895 664 592 696 942 883 945 617 868 844 667 957 591 986 705 834 950 534 551 692 715 936 790 601 645 884 865 612 964 966 944
948 929 506 973 961 608 915 791 879 925 961 630 505 563 712 723 597 503 936 680 587 557 621 530 888 961 781 762 621 690 819 924 831 740 871 797 685 728 562 720 509 826 600 616 967 667 607 976 502 934 553 809 756 639 541 980 948 601 570 645 999 961 925 648 738 809 943 715 967 553 792 746 640 677 508 577 761 891 626 574 755 604 674 839 694 841 664 627 669 995 740 718 587 657 963 634 662 800 879 716
982 955 894 919 608 777 675 549 562 884 801 678 900 912 845 592 696 932 978 918 653 613 601 620 688 527 624 680 633 931 526 702 602 530 862 571 859 675 645 754 542 925 652 802 933 890 835 661 842 764 969 921 659 982 909 733 730 738 781 947 869 964 814 861 886 954 574 988 798 828 584 561 791 797 594 900 769 551 702 623 998 988 872 585 819 588 948 833 688 766 589 791 608 762 899 738 793 723 586 885
788 967 824 893 577 802 705 666 900 616 586 691 881 779 874 807 525 549 857 913 877 989 832 795 805 618 581 530 781 850 755 887 787 906 575 787 745 623 858 569 669 670 617 924 979 904 877 778 617 619 836 678 667 570 648 943 743 654 997 891 600 520 803 529 844 616 648 790 595 949 810 560 530 552 628 625 580 709 508 734 626 568 520 584 710 831 518 942 537 537 763 635 963 502 871 889 510 611 739 618
747 779 866 674 615 815 842 797 794 640 632 632 556 844 612 828 579 651 565 969 752 861 561 829 602 626 516 810 937 667 921 780 643 834 998 504 791 799 925 986 524 675 718 936 775 762 813 854 503 876 773 813 527 603 585 891 967 946 814 842 929 732 942 626 902 974 723 657 938 860 567 654 744 538 895 631 526 855 513 901 886 540 931 738 714 792 883 947 900 579 712 662 673 541 638 974 602 758 991 668
782 977 923 539 587 592 710 531 713 617 686 984 762 793 679 589 866 863 745 955 638 579 921 855 700 574 742 920 854 519 739 780 927 708 739 789 730 666 611 694 822 913 531 960 644 557 889 598 805 776 526 575 917 939 574 575 867 975 936 566 562 749 780 564 803 707 717 949 799 642 808 715 751 855 971 983 749 775 769 818 869 621 854 698 582 570 995 907 658 806 552 562 817 640 761 547 982 743 833 657
558 901 568 865 576 672 793 696 759 786 947 857 797 769 515 816 528 825 527 572 680 637 645 833 703 553 634 705 571 961 556 910 859 664 517 777 800 943 559 645 521 896 770 856 586 991 901 780 691 716 972 977 715 547 573 834 552 598 920 861 714 515 747 698 742 666 953 570 582 815 789 715 954 728 652 835 733 918 778 998 604 983 557 647 699 909 633 589 848 607 742 546 508 509 777 588 934 521 622 983
787 857 710 649 530 630 815 706 613 595 643 954 885 970 619 929 727 940 569 673 923 959 997 750 920 906 885 801 521 855 853 687 921 503 675 625 924 552 543 677 878 512 998 570 784 581 551 876 898 674 771 876 532 975 543 963 788 854 917 995 748 918 667 575 547 791 515 931 901 814 765 813 848 881 912 870 865 786 910 787 678 744 658 666 971 756 975 528 813 501 921 510 624 564 707 614 610 951 914 964
673 952 751 578 641 912 893 870 602 791 640 535 502 668 522 798 973 792 836 596 532 897 651 855 539 737 581 613 812 770 869 664 637 775 937 877 741 899 660 952 511 827 550 845 900 816 896 923 997 650 761 516 901 633 500 935 642 718 871 837 722 703 783 870 758 766 925 532 744 781 830 712 648 774 729 651 736 665 586 876 944 972 617 601 645 654 946 634 610 532 890 656 662 804 696 760 631 572 817 853
630 947 686 587 931 856 970 800 634 796 615 907 593 709 814 826 978 832 877 813 689 985 668 885 681 684 520 954 549 690 635 703 798 943 780 549 694 684 700 883 831 797 814 993 569 915 897 523 696 778 603 923 745 586 536 665 824 977 721 874 593 998 960 515 947 539 988 842 720 765 920 986 835 624 695 727 507 838 998 954 583 718 734 610 974 744 833 771 861 604 682 918 919 597 734 529 622 703 597 915
830 757 548 550 842 858 824 548 616 912 541 801 842 777 834 866 761 521 557 708 791 755 819 756 763 715 755 891 643 542 554 535 578 558 852 977 650 782 636 728 868 990 815 544 570 927 512 751 642 637 887 818 601 547 968 534 818 593 794 967 942 857 711 550 500 940 760 679 750 739 615 922 833 632 511 937 930 998 935 921 752 616 760 740 888 657 954 816 578 899 767 668 852 723 654 696 987 822 732 513
853 612 785 866 567 596 558 509 588 849 689 851 989 766 639 644 795 984 701 876 693 951 661 991 655 554 865 904 838 794 882 920 771 625 940 574 678 685 588 649 741 654 566 948 880 549 560 669 647 679 604 788 667 712 614 991 558 812 989 842 702 653 681 569 994 586 832 660 811 943 601 577 781 738 961 778 954 876 798 789 580 965 569 751 635 892 637 943 838 648 732 545 673 979 591 933 618 846 809 738
561 506 549 565 859 966 564 839 596 991 779 573 888 688 785 918 747 527 866 804 651 704 581 503 694 621 542 960 743 948 541 646 889 505 975 655 638 852 597 717 720 568 542 764 808 556 805 503 866 794 878 922 861 890 575 994 969 715 638 640 615 534 758 788 775 541 613 539 549 969 794 774 656 992 656 509 633 766 632 739 829 522 689 657 548 551 867 862 912 538 692 635 573 941 788 970 702 569 667 933
808 651 927 721 993 633 596 980 547 915 971 819 538 959 651 948 573 832 883 635 717 831 855 846 665 996 936 776 813 830 529 802 998 665 860 829 763 827 668 732 524 907 620 756 986 665 722 811 714 763 590 954 700 779 677 956 533 508 609 538 963 577 558 983 671 721 961 514 794 939 970 855 799 700 755 547 848 995 973 639 706 734 770 790 590 559 614 527 802 928 755 872 569 545 907 803 869 979 617 844
593 888 601 822 667 561 948 544 756 872 614 863 893 555 727 705 658 515 926 733 925 780 772 783 858 880 905 532 897 637 678 713 669 507 703 913 605 731 986 855 604 945 971 865 713 930 775 765 934 887 731 544 573 658 552 915 916 582 588 663 501 984 589 725 951 628 970 947 577 724 818 831 822 548 988 733 974 862 910 689 783 965 857 951 969 567 540 827 851 895 881 976 800 927 679 993 710 867 802 930
901 579 739 951 646 731 540 990 589 786 849 548 620 562 589 790 799 536 592 511 837 781 720 505 951 786 577 823 892 997 561 890 556 522 787 600 652 803 747 519 551 855 772 642 692 649 877 766 538 815 575 881 958 691 595 651 898 738 713 841 689 519 737 737 662 710 517 982 708 864 756 854 840 640 651 809 599 732 870 834 830 963 572 891 618 739 513 653 546 795 667 734 650 707 804 654 916 958 806 734
880 502 582 675 679 946 515 843 772 795 690 977 910 656 864 724 793 935 868 702 611 920 551 989 565 682 577 870 721 939 635 882 825 592 811 593 563 692 806 603 954 890 553 638 726 690 730 692 667 932 932 687 541 983 794 933 676 623 994 984 893 921 589 608 841 523 642 678 833 809 818 780 884 546 507 736 876 721 719 664 940 811 666 768 934 594 543 554 574 699 723 950 604 837 745 613 627 855 884 831
899 789 747 838 746 538 992 704 835 851 823 839 682 853 726 797 708 650 691 714 679 846 542 607 940 763 852 840 630 546 928 515 948 990 516 651 521 961 537 868 616 980 884 987 785 908 857 674 617 845 749 963 954 645 695 661 953 621 948 945 822 684 737 799 594 508 593 570 762 979 524 793 960 865 720 777 996 682 500 791 650 514 542 680 646 658 725 668 690 910 801 960 501 949 627 526 633 671 804 957
