1000 999 2
1 2
1 5
1 11
1 24
1 28
1 61
1 246
1 708
1 856
1 897
2 3
2 6
2 7
2 21
2 137
2 138
2 327
2 476
2 605
3 4
3 16
3 18
3 35
3 116
3 386
4 8
4 13
4 14
4 89
4 100
4 199
4 512
5 147
5 997
6 62
6 293
6 362
7 9
7 12
7 15
7 19
7 33
7 208
7 394
8 268
8 913
8 979
9 10
9 20
9 22
9 68
9 158
9 160
9 331
9 950
10 17
10 43
10 54
10 71
10 128
10 211
11 91
11 131
11 248
12 29
12 203
12 381
12 452
14 40
14 41
14 626
15 32
15 107
15 503
16 25
16 60
16 842
17 26
17 44
17 45
17 134
17 255
17 260
18 66
18 547
19 74
19 207
19 210
20 209
20 259
20 369
20 609
21 37
21 39
21 84
22 23
22 46
22 47
22 52
22 77
22 81
22 309
22 417
23 49
23 69
23 120
23 273
23 497
23 517
24 140
24 151
24 164
24 324
24 413
24 499
24 701
25 27
25 30
25 318
26 34
26 38
26 79
26 106
26 180
26 848
27 50
27 99
27 122
27 270
27 733
27 750
28 31
28 104
29 87
30 691
30 962
30 1000
31 292
32 36
32 42
32 59
32 75
32 315
33 409
33 519
34 48
34 88
34 220
35 56
35 57
35 73
35 300
35 623
35 953
36 113
36 139
36 153
36 821
37 86
37 118
37 125
37 233
38 257
39 51
39 150
39 659
40 65
40 123
40 177
40 880
41 63
41 444
42 64
42 141
42 200
43 58
43 280
43 298
44 196
44 204
44 230
44 236
44 332
44 488
45 70
45 508
46 291
46 580
47 312
47 373
47 635
48 53
48 55
48 76
48 127
48 133
49 67
49 78
49 82
49 597
49 944
50 97
50 159
51 105
51 627
51 757
52 143
52 622
52 706
54 72
54 108
56 111
57 161
57 366
57 379
57 392
58 307
58 447
59 183
59 206
59 225
59 272
59 511
59 619
60 202
61 98
61 110
61 388
61 415
62 83
62 103
62 157
62 238
63 80
63 93
63 278
64 121
64 304
64 335
65 85
65 251
66 101
66 132
66 145
66 155
66 166
66 216
66 274
66 482
67 92
67 142
67 232
68 174
68 601
70 222
70 269
70 360
70 418
71 115
71 833
72 90
72 339
72 438
72 613
72 768
73 109
73 112
73 117
73 186
73 414
73 565
74 94
74 237
75 189
75 285
75 917
76 96
76 359
76 424
77 173
77 365
77 692
77 931
79 213
79 282
79 351
79 989
80 171
80 570
80 774
80 902
81 152
82 667
83 218
83 542
83 808
83 987
84 181
84 198
84 276
84 361
84 398
85 284
85 342
87 340
87 756
88 250
89 167
89 226
89 389
89 506
89 939
89 959
90 102
91 95
92 716
93 169
93 791
94 256
95 227
95 535
97 223
97 546
98 126
98 144
99 114
99 807
101 162
101 375
101 672
101 741
102 124
102 195
102 795
103 368
103 522
104 192
104 336
104 390
106 217
106 652
107 193
107 254
107 295
108 146
109 263
110 338
110 688
110 874
111 163
112 313
112 859
113 377
113 468
114 194
114 393
114 555
115 242
115 669
116 119
116 529
117 287
118 205
118 219
118 455
120 197
120 286
120 436
120 648
120 830
121 148
121 528
121 722
122 437
123 363
124 135
124 156
124 165
125 129
125 201
125 963
126 320
126 523
127 711
128 130
129 168
129 326
130 262
130 403
130 632
130 888
131 136
131 754
132 178
133 871
134 228
134 281
134 653
136 187
136 188
137 185
138 172
138 323
138 728
139 408
140 235
140 289
140 829
141 176
141 861
143 170
143 283
143 378
143 681
143 695
144 179
144 552
146 330
146 863
147 764
148 149
148 234
148 245
149 154
149 240
149 894
150 224
150 817
151 184
151 306
151 370
151 813
151 872
152 191
152 467
153 243
153 781
154 258
154 371
156 530
157 229
157 579
157 729
157 747
158 215
158 481
159 432
161 321
161 697
162 329
162 401
164 267
165 294
165 855
166 175
166 837
168 261
169 182
169 505
169 991
170 252
170 574
172 487
172 702
173 190
173 311
173 459
173 471
173 479
174 374
174 581
176 712
177 383
177 458
178 265
178 410
178 492
178 515
178 540
181 290
181 551
181 726
182 212
182 214
182 420
182 840
183 231
183 343
183 658
184 533
185 333
186 249
186 380
186 639
187 577
188 434
189 347
190 314
190 466
192 266
193 319
195 541
195 970
196 543
197 328
197 494
197 618
198 824
199 271
199 463
199 562
200 715
200 978
201 397
202 428
202 442
202 593
203 264
203 325
204 345
204 356
205 404
205 636
206 646
207 647
208 372
208 489
210 483
211 337
211 395
211 804
212 446
212 926
213 239
213 277
213 615
214 352
214 518
214 534
219 221
219 703
220 585
220 718
221 594
221 820
223 441
223 849
224 253
224 297
224 852
225 456
225 832
226 344
226 478
226 904
230 241
230 858
232 305
232 520
232 790
233 845
233 980
235 660
236 454
237 303
238 310
238 445
239 777
240 244
241 279
241 416
241 474
243 412
244 247
246 651
246 841
247 422
247 666
248 694
248 844
249 341
249 544
249 604
250 734
250 814
250 920
251 367
251 643
253 865
254 576
256 288
256 316
256 561
257 301
257 862
259 736
260 431
260 539
261 387
261 526
262 502
265 559
267 421
267 645
270 364
271 405
272 901
273 571
273 624
273 641
273 810
274 275
275 384
275 668
277 322
277 721
278 634
279 425
279 586
280 317
281 299
281 538
281 621
282 470
286 355
287 302
287 602
287 903
288 686
290 376
290 498
290 657
291 567
292 836
292 919
293 429
294 296
294 349
297 835
298 509
299 448
299 932
301 308
301 915
302 958
303 564
303 719
304 462
304 569
305 334
305 637
305 693
305 875
307 654
308 513
309 346
310 453
310 738
310 924
311 402
312 419
313 407
320 423
321 354
321 553
321 867
322 348
322 724
323 435
323 490
323 606
325 427
325 496
325 616
325 793
326 486
327 469
327 974
328 595
329 827
330 357
330 831
331 591
332 350
332 516
333 690
335 743
336 382
336 846
337 391
339 625
339 714
340 685
341 353
341 893
343 411
343 664
343 822
344 358
344 630
345 400
345 521
345 805
345 853
345 956
346 433
346 698
346 815
348 514
350 493
350 582
350 674
352 475
353 491
353 988
354 460
355 537
356 755
356 927
358 775
360 556
360 783
361 406
362 439
363 451
364 396
364 873
365 628
365 758
365 766
366 699
366 763
367 612
367 687
367 816
368 578
369 899
371 385
374 696
375 599
377 732
380 449
380 484
380 818
381 949
382 426
383 677
388 828
390 640
391 399
392 560
393 644
395 590
396 886
397 430
397 811
400 749
405 472
406 869
406 961
408 443
408 485
409 786
411 550
411 745
412 473
412 779
412 981
414 440
415 603
415 661
415 682
416 792
417 461
417 573
419 670
422 633
424 851
426 598
430 676
431 600
434 689
434 788
434 985
435 532
435 789
437 740
437 809
438 464
438 510
439 495
440 934
441 704
441 773
442 806
443 450
447 457
447 507
447 631
448 536
450 563
450 707
452 504
453 477
455 778
457 480
457 558
458 713
459 895
460 465
460 943
467 731
467 876
468 946
469 587
469 772
470 936
473 960
475 877
477 566
479 554
479 854
481 911
482 727
483 501
483 801
485 524
487 803
489 614
489 671
490 620
490 638
491 617
492 500
493 968
496 720
497 527
497 940
498 866
498 999
500 525
501 545
504 589
505 608
508 531
509 977
510 762
511 780
512 675
512 882
514 684
516 611
518 568
518 748
523 549
523 642
525 572
526 548
526 725
526 769
526 933
528 673
531 922
531 951
539 891
541 557
542 759
545 679
547 583
547 796
552 662
553 575
555 588
556 649
559 834
562 656
562 941
566 782
567 607
571 753
572 761
572 857
574 592
576 802
576 973
577 596
580 655
580 767
582 765
583 584
588 709
592 823
595 683
595 794
595 957
597 776
598 760
601 650
603 610
605 723
605 878
606 965
607 771
609 770
609 884
612 665
615 737
616 868
617 678
622 735
625 914
626 629
628 892
630 700
632 887
633 909
634 717
639 870
641 905
644 705
645 945
646 881
647 785
652 739
652 825
652 976
654 710
655 663
656 680
657 890
660 947
664 983
665 730
666 908
667 918
675 925
677 751
678 935
685 819
690 885
691 955
693 906
696 993
699 992
706 847
708 742
709 898
710 967
711 929
713 746
718 850
721 896
723 889
727 843
732 744
732 966
737 797
738 975
738 996
739 879
740 752
743 784
744 883
746 799
757 798
759 787
762 964
767 812
769 826
775 800
777 982
790 839
792 928
799 907
801 916
804 910
813 838
813 954
815 900
820 912
822 969
824 990
833 938
842 860
844 864
845 937
846 972
848 986
861 930
873 921
875 948
877 923
882 998
892 994
902 942
924 995
946 952
950 984
963 971
